**************************************************************
---------------------------New Iteration-----------------------
Iteration 1

Parent Population:
[ 8.88838286e-18 -1.45797740e-12 -2.28980367e-13  4.62010792e-11
 -1.75214800e-10 -1.82846074e-15  8.72939992e-16  2.29423303e-05
 -2.04721003e-06 -1.59792834e-08  9.83759873e-10]
Fitness values:
292094352657.6813

Parent Population:
[-5.13629594e-18 -1.45800061e-12 -2.28977464e-13  4.62010675e-11
 -1.75214804e-10 -1.85344608e-15  8.48204948e-16  2.29423303e-05
 -2.04721003e-06 -1.59792834e-08  9.83759860e-10]
Fitness values:
299996921333.80597

Parent Population:
[ 6.95549063e-18 -1.45799329e-12 -2.28959220e-13  4.62010799e-11
 -1.75214814e-10 -1.83342728e-15  8.59639603e-16  2.29423303e-05
 -2.04721003e-06 -1.59792834e-08  9.83759878e-10]
Fitness values:
293591579390.3793

Parent Population:
[ 2.49720273e-18 -1.45798637e-12 -2.28976455e-13  4.62010689e-11
 -1.75214803e-10 -1.84449209e-15  8.65217258e-16  2.29423303e-05
 -2.04721003e-06 -1.59792834e-08  9.83759839e-10]
Fitness values:
297059044421.676

Parent Population:
[-6.95307962e-18 -1.45797642e-12 -2.28998439e-13  4.62010825e-11
 -1.75214805e-10 -1.84573513e-15  8.55277771e-16  2.29423303e-05
 -2.04721003e-06 -1.59792834e-08  9.83759846e-10]
Fitness values:
297459753716.06683

Parent Population:
[ 1.34306930e-17 -1.45799807e-12 -2.28975737e-13  4.62010897e-11
 -1.75214824e-10 -1.84484571e-15  8.58056326e-16  2.29423303e-05
 -2.04721003e-06 -1.59792834e-08  9.83759852e-10]
Fitness values:
297172662181.4238

Parent Population:
[-1.00939576e-18 -1.45798845e-12 -2.28968038e-13  4.62010855e-11
 -1.75214820e-10 -1.84027645e-15  8.67342013e-16  2.29423303e-05
 -2.04721003e-06 -1.59792834e-08  9.83759871e-10]
Fitness values:
295716365563.35486

Parent Population:
[-1.44449255e-17 -1.45799151e-12 -2.28991258e-13  4.62010810e-11
 -1.75214798e-10 -1.83696116e-15  8.33444491e-16  2.29423303e-05
 -2.04721003e-06 -1.59792834e-08  9.83759857e-10]
Fitness values:
294679430521.92523

Parent Population:
[-2.44262899e-18 -1.45799797e-12 -2.28976531e-13  4.62010701e-11
 -1.75214808e-10 -1.82355477e-15  8.29787064e-16  2.29423303e-05
 -2.04721003e-06 -1.59792834e-08  9.83759845e-10]
Fitness values:
290651506853.2852

Parent Population:
[-7.46076066e-18 -1.45798016e-12 -2.28989686e-13  4.62010967e-11
 -1.75214799e-10 -1.83984127e-15  8.48325232e-16  2.29423303e-05
 -2.04721003e-06 -1.59792834e-08  9.83759867e-10]
Fitness values:
295579349174.21814
------------(***)------------
Child Number: 1
Crossover point: 7
Parent 1: [ 8.88838286e-18 -1.45797740e-12 -2.28980367e-13  4.62010792e-11
 -1.75214800e-10 -1.82846074e-15  8.72939992e-16  2.29423303e-05
 -2.04721003e-06 -1.59792834e-08  9.83759873e-10]
parent 2 [-2.44262899e-18 -1.45799797e-12 -2.28976531e-13  4.62010701e-11
 -1.75214808e-10 -1.82355477e-15  8.29787064e-16  2.29423303e-05
 -2.04721003e-06 -1.59792834e-08  9.83759845e-10]
Child after Crossover:
[-2.44262899e-18 -1.45799797e-12 -2.28976531e-13  4.62010701e-11
 -1.75214808e-10 -1.82355477e-15  8.29787064e-16  2.29423303e-05
 -2.04721003e-06 -1.59792834e-08  9.83759873e-10]
Mutated Index: [2]
Child After Mutation:
[-2.44262899e-18 -1.46203100e-12 -2.28976531e-13  4.62010701e-11
 -1.75214808e-10 -1.82355477e-15  8.29787064e-16  2.29423303e-05
 -2.04721003e-06 -1.59792834e-08  9.83759873e-10]
Fitness Value: 290651161478.8679
------------(***)------------
Child Number: 2
Crossover point: 6
Parent 1: [ 8.88838286e-18 -1.45797740e-12 -2.28980367e-13  4.62010792e-11
 -1.75214800e-10 -1.82846074e-15  8.72939992e-16  2.29423303e-05
 -2.04721003e-06 -1.59792834e-08  9.83759873e-10]
parent 2 [-2.44262899e-18 -1.45799797e-12 -2.28976531e-13  4.62010701e-11
 -1.75214808e-10 -1.82355477e-15  8.29787064e-16  2.29423303e-05
 -2.04721003e-06 -1.59792834e-08  9.83759845e-10]
Child after Crossover:
[-2.44262899e-18 -1.45799797e-12 -2.28976531e-13  4.62010701e-11
 -1.75214808e-10 -1.82355477e-15  8.29787064e-16  2.29423303e-05
 -2.04721003e-06 -1.59792834e-08  9.83759873e-10]
Mutated Index: [11]
Child After Mutation:
[-2.44262899e-18 -1.45799797e-12 -2.28976531e-13  4.62010701e-11
 -1.75214808e-10 -1.82355477e-15  8.29787064e-16  2.29423303e-05
 -2.04721003e-06 -1.59792834e-08  9.82916521e-10]
Fitness Value: 301878581997.31946
------------(***)------------
Child Number: 3
Crossover point: 5
Parent 1: [ 8.88838286e-18 -1.45797740e-12 -2.28980367e-13  4.62010792e-11
 -1.75214800e-10 -1.82846074e-15  8.72939992e-16  2.29423303e-05
 -2.04721003e-06 -1.59792834e-08  9.83759873e-10]
parent 2 [-2.44262899e-18 -1.45799797e-12 -2.28976531e-13  4.62010701e-11
 -1.75214808e-10 -1.82355477e-15  8.29787064e-16  2.29423303e-05
 -2.04721003e-06 -1.59792834e-08  9.83759845e-10]
Child after Crossover:
[-2.44262899e-18 -1.45799797e-12 -2.28976531e-13  4.62010701e-11
 -1.75214808e-10 -1.82355477e-15  8.72939992e-16  2.29423303e-05
 -2.04721003e-06 -1.59792834e-08  9.83759873e-10]
Mutated Index: []
Child After Mutation:
[-2.44262899e-18 -1.45799797e-12 -2.28976531e-13  4.62010701e-11
 -1.75214808e-10 -1.82355477e-15  8.72939992e-16  2.29423303e-05
 -2.04721003e-06 -1.59792834e-08  9.83759873e-10]
Fitness Value: 290651161477.28357
------------(***)------------
Child Number: 4
Crossover point: 0
Parent 1: [ 8.88838286e-18 -1.45797740e-12 -2.28980367e-13  4.62010792e-11
 -1.75214800e-10 -1.82846074e-15  8.72939992e-16  2.29423303e-05
 -2.04721003e-06 -1.59792834e-08  9.83759873e-10]
parent 2 [-2.44262899e-18 -1.45799797e-12 -2.28976531e-13  4.62010701e-11
 -1.75214808e-10 -1.82355477e-15  8.29787064e-16  2.29423303e-05
 -2.04721003e-06 -1.59792834e-08  9.83759845e-10]
Child after Crossover:
[-2.44262899e-18 -1.45797740e-12 -2.28980367e-13  4.62010792e-11
 -1.75214800e-10 -1.82846074e-15  8.72939992e-16  2.29423303e-05
 -2.04721003e-06 -1.59792834e-08  9.83759873e-10]
Mutated Index: [1]
Child After Mutation:
[-2.44340409e-18 -1.45797740e-12 -2.28980367e-13  4.62010792e-11
 -1.75214800e-10 -1.82846074e-15  8.72939992e-16  2.29423303e-05
 -2.04721003e-06 -1.59792834e-08  9.83759873e-10]
Fitness Value: 292094352657.6813
------------(***)------------
Child Number: 5
Crossover point: 8
Parent 1: [ 8.88838286e-18 -1.45797740e-12 -2.28980367e-13  4.62010792e-11
 -1.75214800e-10 -1.82846074e-15  8.72939992e-16  2.29423303e-05
 -2.04721003e-06 -1.59792834e-08  9.83759873e-10]
parent 2 [-2.44262899e-18 -1.45799797e-12 -2.28976531e-13  4.62010701e-11
 -1.75214808e-10 -1.82355477e-15  8.29787064e-16  2.29423303e-05
 -2.04721003e-06 -1.59792834e-08  9.83759845e-10]
Child after Crossover:
[-2.44262899e-18 -1.45799797e-12 -2.28976531e-13  4.62010701e-11
 -1.75214808e-10 -1.82355477e-15  8.29787064e-16  2.29423303e-05
 -2.04721003e-06 -1.59792834e-08  9.83759873e-10]
Mutated Index: [1, 5, 8]
Child After Mutation:
[-2.44385002e-18 -1.45799797e-12 -2.28976531e-13  4.62010701e-11
 -1.75071234e-10 -1.82355477e-15  8.29787064e-16  2.29312907e-05
 -2.04721003e-06 -1.59792834e-08  9.83759873e-10]
Fitness Value: 292036605684.84155
------------(***)------------
Child Number: 6
Crossover point: 0
Parent 1: [ 8.88838286e-18 -1.45797740e-12 -2.28980367e-13  4.62010792e-11
 -1.75214800e-10 -1.82846074e-15  8.72939992e-16  2.29423303e-05
 -2.04721003e-06 -1.59792834e-08  9.83759873e-10]
parent 2 [-2.44262899e-18 -1.45799797e-12 -2.28976531e-13  4.62010701e-11
 -1.75214808e-10 -1.82355477e-15  8.29787064e-16  2.29423303e-05
 -2.04721003e-06 -1.59792834e-08  9.83759845e-10]
Child after Crossover:
[-2.44262899e-18 -1.45797740e-12 -2.28980367e-13  4.62010792e-11
 -1.75214800e-10 -1.82846074e-15  8.72939992e-16  2.29423303e-05
 -2.04721003e-06 -1.59792834e-08  9.83759873e-10]
Mutated Index: [5, 8, 10]
Child After Mutation:
[-2.44262899e-18 -1.45797740e-12 -2.28980367e-13  4.62010792e-11
 -1.75107578e-10 -1.82846074e-15  8.72939992e-16  2.29184964e-05
 -2.04721003e-06 -1.59792198e-08  9.83759873e-10]
Fitness Value: 295155106462.8362
------------(***)------------
Child Number: 7
Crossover point: 10
Parent 1: [ 8.88838286e-18 -1.45797740e-12 -2.28980367e-13  4.62010792e-11
 -1.75214800e-10 -1.82846074e-15  8.72939992e-16  2.29423303e-05
 -2.04721003e-06 -1.59792834e-08  9.83759873e-10]
parent 2 [-2.44262899e-18 -1.45799797e-12 -2.28976531e-13  4.62010701e-11
 -1.75214808e-10 -1.82355477e-15  8.29787064e-16  2.29423303e-05
 -2.04721003e-06 -1.59792834e-08  9.83759845e-10]
Child after Crossover:
[ 8.88838286e-18 -1.45797740e-12 -2.28980367e-13  4.62010792e-11
 -1.75214800e-10 -1.82846074e-15  8.72939992e-16  2.29423303e-05
 -2.04721003e-06 -1.59792834e-08  9.83759873e-10]
Mutated Index: [1, 7, 9]
Child After Mutation:
[ 8.88845703e-18 -1.45797740e-12 -2.28980367e-13  4.62010792e-11
 -1.75214800e-10 -1.82846074e-15  8.72363337e-16  2.29423303e-05
 -2.04265077e-06 -1.59792834e-08  9.83759873e-10]
Fitness Value: 270477909001.69104
------------(***)------------
Child Number: 8
Crossover point: 3
Parent 1: [ 8.88838286e-18 -1.45797740e-12 -2.28980367e-13  4.62010792e-11
 -1.75214800e-10 -1.82846074e-15  8.72939992e-16  2.29423303e-05
 -2.04721003e-06 -1.59792834e-08  9.83759873e-10]
parent 2 [-2.44262899e-18 -1.45799797e-12 -2.28976531e-13  4.62010701e-11
 -1.75214808e-10 -1.82355477e-15  8.29787064e-16  2.29423303e-05
 -2.04721003e-06 -1.59792834e-08  9.83759845e-10]
Child after Crossover:
[ 8.88838286e-18 -1.45797740e-12 -2.28980367e-13  4.62010792e-11
 -1.75214808e-10 -1.82355477e-15  8.29787064e-16  2.29423303e-05
 -2.04721003e-06 -1.59792834e-08  9.83759845e-10]
Mutated Index: [4, 7, 10]
Child After Mutation:
[ 8.88838286e-18 -1.45797740e-12 -2.28980367e-13  4.62430293e-11
 -1.75214808e-10 -1.82355477e-15  8.30076432e-16  2.29423303e-05
 -2.04721003e-06 -1.59407250e-08  9.83759845e-10]
Fitness Value: 281474028150.67755
------------(***)------------
Child Number: 9
Crossover point: 8
Parent 1: [ 8.88838286e-18 -1.45797740e-12 -2.28980367e-13  4.62010792e-11
 -1.75214800e-10 -1.82846074e-15  8.72939992e-16  2.29423303e-05
 -2.04721003e-06 -1.59792834e-08  9.83759873e-10]
parent 2 [-2.44262899e-18 -1.45799797e-12 -2.28976531e-13  4.62010701e-11
 -1.75214808e-10 -1.82355477e-15  8.29787064e-16  2.29423303e-05
 -2.04721003e-06 -1.59792834e-08  9.83759845e-10]
Child after Crossover:
[ 8.88838286e-18 -1.45797740e-12 -2.28980367e-13  4.62010792e-11
 -1.75214800e-10 -1.82846074e-15  8.72939992e-16  2.29423303e-05
 -2.04721003e-06 -1.59792834e-08  9.83759845e-10]
Mutated Index: [1, 6]
Child After Mutation:
[ 8.88531798e-18 -1.45797740e-12 -2.28980367e-13  4.62010792e-11
 -1.75214800e-10 -1.82812035e-15  8.72939992e-16  2.29423303e-05
 -2.04721003e-06 -1.59792834e-08  9.83759845e-10]
Fitness Value: 291993424012.21967
------------(***)------------
Child Number: 10
Crossover point: 7
Parent 1: [ 8.88838286e-18 -1.45797740e-12 -2.28980367e-13  4.62010792e-11
 -1.75214800e-10 -1.82846074e-15  8.72939992e-16  2.29423303e-05
 -2.04721003e-06 -1.59792834e-08  9.83759873e-10]
parent 2 [-2.44262899e-18 -1.45799797e-12 -2.28976531e-13  4.62010701e-11
 -1.75214808e-10 -1.82355477e-15  8.29787064e-16  2.29423303e-05
 -2.04721003e-06 -1.59792834e-08  9.83759845e-10]
Child after Crossover:
[ 8.88838286e-18 -1.45797740e-12 -2.28980367e-13  4.62010792e-11
 -1.75214800e-10 -1.82846074e-15  8.72939992e-16  2.29423303e-05
 -2.04721003e-06 -1.59792834e-08  9.83759845e-10]
Mutated Index: []
Child After Mutation:
[ 8.88838286e-18 -1.45797740e-12 -2.28980367e-13  4.62010792e-11
 -1.75214800e-10 -1.82846074e-15  8.72939992e-16  2.29423303e-05
 -2.04721003e-06 -1.59792834e-08  9.83759845e-10]
Fitness Value: 292094705746.104

Children Vectors:
[[-2.44262899e-18 -1.46203100e-12 -2.28976531e-13  4.62010701e-11
  -1.75214808e-10 -1.82355477e-15  8.29787064e-16  2.29423303e-05
  -2.04721003e-06 -1.59792834e-08  9.83759873e-10]
 [-2.44262899e-18 -1.45799797e-12 -2.28976531e-13  4.62010701e-11
  -1.75214808e-10 -1.82355477e-15  8.29787064e-16  2.29423303e-05
  -2.04721003e-06 -1.59792834e-08  9.82916521e-10]
 [-2.44262899e-18 -1.45799797e-12 -2.28976531e-13  4.62010701e-11
  -1.75214808e-10 -1.82355477e-15  8.72939992e-16  2.29423303e-05
  -2.04721003e-06 -1.59792834e-08  9.83759873e-10]
 [-2.44340409e-18 -1.45797740e-12 -2.28980367e-13  4.62010792e-11
  -1.75214800e-10 -1.82846074e-15  8.72939992e-16  2.29423303e-05
  -2.04721003e-06 -1.59792834e-08  9.83759873e-10]
 [-2.44385002e-18 -1.45799797e-12 -2.28976531e-13  4.62010701e-11
  -1.75071234e-10 -1.82355477e-15  8.29787064e-16  2.29312907e-05
  -2.04721003e-06 -1.59792834e-08  9.83759873e-10]
 [-2.44262899e-18 -1.45797740e-12 -2.28980367e-13  4.62010792e-11
  -1.75107578e-10 -1.82846074e-15  8.72939992e-16  2.29184964e-05
  -2.04721003e-06 -1.59792198e-08  9.83759873e-10]
 [ 8.88845703e-18 -1.45797740e-12 -2.28980367e-13  4.62010792e-11
  -1.75214800e-10 -1.82846074e-15  8.72363337e-16  2.29423303e-05
  -2.04265077e-06 -1.59792834e-08  9.83759873e-10]
 [ 8.88838286e-18 -1.45797740e-12 -2.28980367e-13  4.62430293e-11
  -1.75214808e-10 -1.82355477e-15  8.30076432e-16  2.29423303e-05
  -2.04721003e-06 -1.59407250e-08  9.83759845e-10]
 [ 8.88531798e-18 -1.45797740e-12 -2.28980367e-13  4.62010792e-11
  -1.75214800e-10 -1.82812035e-15  8.72939992e-16  2.29423303e-05
  -2.04721003e-06 -1.59792834e-08  9.83759845e-10]
 [ 8.88838286e-18 -1.45797740e-12 -2.28980367e-13  4.62010792e-11
  -1.75214800e-10 -1.82846074e-15  8.72939992e-16  2.29423303e-05
  -2.04721003e-06 -1.59792834e-08  9.83759845e-10]]

Fitness Values:
[2.90651161e+11 3.01878582e+11 2.90651161e+11 2.92094353e+11
 2.92036606e+11 2.95155106e+11 2.70477909e+11 2.81474028e+11
 2.91993424e+11 2.92094706e+11]

Errros:
[[9.98234398e+10 1.90827722e+11]
 [1.10706533e+11 1.91172049e+11]
 [9.98234398e+10 1.90827722e+11]
 [1.01424860e+11 1.90669492e+11]
 [1.01012185e+11 1.91024421e+11]
 [1.04008577e+11 1.91146529e+11]
 [7.87059656e+10 1.91771943e+11]
 [9.03006077e+10 1.91173420e+11]
 [1.01313538e+11 1.90679886e+11]
 [1.01425218e+11 1.90669488e+11]]

New Generation Generated:
[[-7.46076066e-18 -1.45798016e-12 -2.28989686e-13  4.62010967e-11
  -1.75214799e-10 -1.83984127e-15  8.48325232e-16  2.29423303e-05
  -2.04721003e-06 -1.59792834e-08  9.83759867e-10]
 [-1.44449255e-17 -1.45799151e-12 -2.28991258e-13  4.62010810e-11
  -1.75214798e-10 -1.83696116e-15  8.33444491e-16  2.29423303e-05
  -2.04721003e-06 -1.59792834e-08  9.83759857e-10]
 [ 6.95549063e-18 -1.45799329e-12 -2.28959220e-13  4.62010799e-11
  -1.75214814e-10 -1.83342728e-15  8.59639603e-16  2.29423303e-05
  -2.04721003e-06 -1.59792834e-08  9.83759878e-10]
 [ 8.88838286e-18 -1.45797740e-12 -2.28980367e-13  4.62010792e-11
  -1.75214800e-10 -1.82846074e-15  8.72939992e-16  2.29423303e-05
  -2.04721003e-06 -1.59792834e-08  9.83759873e-10]
 [-2.44262899e-18 -1.45799797e-12 -2.28976531e-13  4.62010701e-11
  -1.75214808e-10 -1.82355477e-15  8.29787064e-16  2.29423303e-05
  -2.04721003e-06 -1.59792834e-08  9.83759845e-10]
 [ 8.88531798e-18 -1.45797740e-12 -2.28980367e-13  4.62010792e-11
  -1.75214800e-10 -1.82812035e-15  8.72939992e-16  2.29423303e-05
  -2.04721003e-06 -1.59792834e-08  9.83759845e-10]
 [ 8.88845703e-18 -1.45797740e-12 -2.28980367e-13  4.62010792e-11
  -1.75214800e-10 -1.82846074e-15  8.72363337e-16  2.29423303e-05
  -2.04265077e-06 -1.59792834e-08  9.83759873e-10]
 [ 8.88838286e-18 -1.45797740e-12 -2.28980367e-13  4.62430293e-11
  -1.75214808e-10 -1.82355477e-15  8.30076432e-16  2.29423303e-05
  -2.04721003e-06 -1.59407250e-08  9.83759845e-10]
 [-2.44262899e-18 -1.45799797e-12 -2.28976531e-13  4.62010701e-11
  -1.75214808e-10 -1.82355477e-15  8.72939992e-16  2.29423303e-05
  -2.04721003e-06 -1.59792834e-08  9.83759873e-10]
 [-2.44262899e-18 -1.46203100e-12 -2.28976531e-13  4.62010701e-11
  -1.75214808e-10 -1.82355477e-15  8.29787064e-16  2.29423303e-05
  -2.04721003e-06 -1.59792834e-08  9.83759873e-10]]

New Fitness Values
[2.95579349e+11 2.94679431e+11 2.93591579e+11 2.92094353e+11
 2.90651507e+11 2.91993424e+11 2.70477909e+11 2.81474028e+11
 2.90651161e+11 2.90651161e+11]

Best Vector fromt his Generation:
[ 8.88845703e-18 -1.45797740e-12 -2.28980367e-13  4.62010792e-11
 -1.75214800e-10 -1.82846074e-15  8.72363337e-16  2.29423303e-05
 -2.04265077e-06 -1.59792834e-08  9.83759873e-10]
With Fitness:
270477909001.69104
