**************************************************************
---------------------------New Iteration-----------------------
Iteration 1

Parent Population:
[ 8.88838286e-18 -1.45797740e-12 -2.28980367e-13  4.62010792e-11
 -1.75214800e-10 -1.82846074e-15  8.72939992e-16  2.29423303e-05
 -2.04721003e-06 -1.59792834e-08  9.83759873e-10]
Fitness values:
292094352657.6813

Parent Population:
[-5.13629594e-18 -1.45800061e-12 -2.28977464e-13  4.62010675e-11
 -1.75214804e-10 -1.85344608e-15  8.48204948e-16  2.29423303e-05
 -2.04721003e-06 -1.59792834e-08  9.83759860e-10]
Fitness values:
299996921333.80597

Parent Population:
[ 6.95549063e-18 -1.45799329e-12 -2.28959220e-13  4.62010799e-11
 -1.75214814e-10 -1.83342728e-15  8.59639603e-16  2.29423303e-05
 -2.04721003e-06 -1.59792834e-08  9.83759878e-10]
Fitness values:
293591579390.3793

Parent Population:
[ 2.49720273e-18 -1.45798637e-12 -2.28976455e-13  4.62010689e-11
 -1.75214803e-10 -1.84449209e-15  8.65217258e-16  2.29423303e-05
 -2.04721003e-06 -1.59792834e-08  9.83759839e-10]
Fitness values:
297059044421.676

Parent Population:
[-6.95307962e-18 -1.45797642e-12 -2.28998439e-13  4.62010825e-11
 -1.75214805e-10 -1.84573513e-15  8.55277771e-16  2.29423303e-05
 -2.04721003e-06 -1.59792834e-08  9.83759846e-10]
Fitness values:
297459753716.06683

Parent Population:
[ 1.34306930e-17 -1.45799807e-12 -2.28975737e-13  4.62010897e-11
 -1.75214824e-10 -1.84484571e-15  8.58056326e-16  2.29423303e-05
 -2.04721003e-06 -1.59792834e-08  9.83759852e-10]
Fitness values:
297172662181.4238

Parent Population:
[-1.00939576e-18 -1.45798845e-12 -2.28968038e-13  4.62010855e-11
 -1.75214820e-10 -1.84027645e-15  8.67342013e-16  2.29423303e-05
 -2.04721003e-06 -1.59792834e-08  9.83759871e-10]
Fitness values:
295716365563.35486

Parent Population:
[-1.44449255e-17 -1.45799151e-12 -2.28991258e-13  4.62010810e-11
 -1.75214798e-10 -1.83696116e-15  8.33444491e-16  2.29423303e-05
 -2.04721003e-06 -1.59792834e-08  9.83759857e-10]
Fitness values:
294679430521.92523

Parent Population:
[-2.44262899e-18 -1.45799797e-12 -2.28976531e-13  4.62010701e-11
 -1.75214808e-10 -1.82355477e-15  8.29787064e-16  2.29423303e-05
 -2.04721003e-06 -1.59792834e-08  9.83759845e-10]
Fitness values:
290651506853.2852

Parent Population:
[-7.46076066e-18 -1.45798016e-12 -2.28989686e-13  4.62010967e-11
 -1.75214799e-10 -1.83984127e-15  8.48325232e-16  2.29423303e-05
 -2.04721003e-06 -1.59792834e-08  9.83759867e-10]
Fitness values:
295579349174.21814
------------(***)------------
Child Number: 1
Crossover point: 7
Parent 1: [ 8.88838286e-18 -1.45797740e-12 -2.28980367e-13  4.62010792e-11
 -1.75214800e-10 -1.82846074e-15  8.72939992e-16  2.29423303e-05
 -2.04721003e-06 -1.59792834e-08  9.83759873e-10]
parent 2 [-2.44262899e-18 -1.45799797e-12 -2.28976531e-13  4.62010701e-11
 -1.75214808e-10 -1.82355477e-15  8.29787064e-16  2.29423303e-05
 -2.04721003e-06 -1.59792834e-08  9.83759845e-10]
Child after Crossover:
[-2.44262899e-18 -1.45799797e-12 -2.28976531e-13  4.62010701e-11
 -1.75214808e-10 -1.82355477e-15  8.29787064e-16  2.29423303e-05
 -2.04721003e-06 -1.59792834e-08  9.83759873e-10]
Mutated Index: [2]
Child After Mutation:
[-2.44262899e-18 -1.46203100e-12 -2.28976531e-13  4.62010701e-11
 -1.75214808e-10 -1.82355477e-15  8.29787064e-16  2.29423303e-05
 -2.04721003e-06 -1.59792834e-08  9.83759873e-10]
Fitness Value: 290651161478.8679
------------(***)------------
Child Number: 2
Crossover point: 6
Parent 1: [ 8.88838286e-18 -1.45797740e-12 -2.28980367e-13  4.62010792e-11
 -1.75214800e-10 -1.82846074e-15  8.72939992e-16  2.29423303e-05
 -2.04721003e-06 -1.59792834e-08  9.83759873e-10]
parent 2 [-2.44262899e-18 -1.45799797e-12 -2.28976531e-13  4.62010701e-11
 -1.75214808e-10 -1.82355477e-15  8.29787064e-16  2.29423303e-05
 -2.04721003e-06 -1.59792834e-08  9.83759845e-10]
Child after Crossover:
[-2.44262899e-18 -1.45799797e-12 -2.28976531e-13  4.62010701e-11
 -1.75214808e-10 -1.82355477e-15  8.29787064e-16  2.29423303e-05
 -2.04721003e-06 -1.59792834e-08  9.83759873e-10]
Mutated Index: [11]
Child After Mutation:
[-2.44262899e-18 -1.45799797e-12 -2.28976531e-13  4.62010701e-11
 -1.75214808e-10 -1.82355477e-15  8.29787064e-16  2.29423303e-05
 -2.04721003e-06 -1.59792834e-08  9.82916521e-10]
Fitness Value: 301878581997.31946
------------(***)------------
Child Number: 3
Crossover point: 5
Parent 1: [ 8.88838286e-18 -1.45797740e-12 -2.28980367e-13  4.62010792e-11
 -1.75214800e-10 -1.82846074e-15  8.72939992e-16  2.29423303e-05
 -2.04721003e-06 -1.59792834e-08  9.83759873e-10]
parent 2 [-2.44262899e-18 -1.45799797e-12 -2.28976531e-13  4.62010701e-11
 -1.75214808e-10 -1.82355477e-15  8.29787064e-16  2.29423303e-05
 -2.04721003e-06 -1.59792834e-08  9.83759845e-10]
Child after Crossover:
[-2.44262899e-18 -1.45799797e-12 -2.28976531e-13  4.62010701e-11
 -1.75214808e-10 -1.82355477e-15  8.72939992e-16  2.29423303e-05
 -2.04721003e-06 -1.59792834e-08  9.83759873e-10]
Mutated Index: []
Child After Mutation:
[-2.44262899e-18 -1.45799797e-12 -2.28976531e-13  4.62010701e-11
 -1.75214808e-10 -1.82355477e-15  8.72939992e-16  2.29423303e-05
 -2.04721003e-06 -1.59792834e-08  9.83759873e-10]
Fitness Value: 290651161477.28357
------------(***)------------
Child Number: 4
Crossover point: 0
Parent 1: [ 8.88838286e-18 -1.45797740e-12 -2.28980367e-13  4.62010792e-11
 -1.75214800e-10 -1.82846074e-15  8.72939992e-16  2.29423303e-05
 -2.04721003e-06 -1.59792834e-08  9.83759873e-10]
parent 2 [-2.44262899e-18 -1.45799797e-12 -2.28976531e-13  4.62010701e-11
 -1.75214808e-10 -1.82355477e-15  8.29787064e-16  2.29423303e-05
 -2.04721003e-06 -1.59792834e-08  9.83759845e-10]
Child after Crossover:
[-2.44262899e-18 -1.45797740e-12 -2.28980367e-13  4.62010792e-11
 -1.75214800e-10 -1.82846074e-15  8.72939992e-16  2.29423303e-05
 -2.04721003e-06 -1.59792834e-08  9.83759873e-10]
Mutated Index: [1]
Child After Mutation:
[-2.44340409e-18 -1.45797740e-12 -2.28980367e-13  4.62010792e-11
 -1.75214800e-10 -1.82846074e-15  8.72939992e-16  2.29423303e-05
 -2.04721003e-06 -1.59792834e-08  9.83759873e-10]
Fitness Value: 292094352657.6813
------------(***)------------
Child Number: 5
Crossover point: 8
Parent 1: [ 8.88838286e-18 -1.45797740e-12 -2.28980367e-13  4.62010792e-11
 -1.75214800e-10 -1.82846074e-15  8.72939992e-16  2.29423303e-05
 -2.04721003e-06 -1.59792834e-08  9.83759873e-10]
parent 2 [-2.44262899e-18 -1.45799797e-12 -2.28976531e-13  4.62010701e-11
 -1.75214808e-10 -1.82355477e-15  8.29787064e-16  2.29423303e-05
 -2.04721003e-06 -1.59792834e-08  9.83759845e-10]
Child after Crossover:
[-2.44262899e-18 -1.45799797e-12 -2.28976531e-13  4.62010701e-11
 -1.75214808e-10 -1.82355477e-15  8.29787064e-16  2.29423303e-05
 -2.04721003e-06 -1.59792834e-08  9.83759873e-10]
Mutated Index: [1, 5, 8]
Child After Mutation:
[-2.44385002e-18 -1.45799797e-12 -2.28976531e-13  4.62010701e-11
 -1.75071234e-10 -1.82355477e-15  8.29787064e-16  2.29312907e-05
 -2.04721003e-06 -1.59792834e-08  9.83759873e-10]
Fitness Value: 292036605684.84155
------------(***)------------
Child Number: 6
Crossover point: 0
Parent 1: [ 8.88838286e-18 -1.45797740e-12 -2.28980367e-13  4.62010792e-11
 -1.75214800e-10 -1.82846074e-15  8.72939992e-16  2.29423303e-05
 -2.04721003e-06 -1.59792834e-08  9.83759873e-10]
parent 2 [-2.44262899e-18 -1.45799797e-12 -2.28976531e-13  4.62010701e-11
 -1.75214808e-10 -1.82355477e-15  8.29787064e-16  2.29423303e-05
 -2.04721003e-06 -1.59792834e-08  9.83759845e-10]
Child after Crossover:
[-2.44262899e-18 -1.45797740e-12 -2.28980367e-13  4.62010792e-11
 -1.75214800e-10 -1.82846074e-15  8.72939992e-16  2.29423303e-05
 -2.04721003e-06 -1.59792834e-08  9.83759873e-10]
Mutated Index: [5, 8, 10]
Child After Mutation:
[-2.44262899e-18 -1.45797740e-12 -2.28980367e-13  4.62010792e-11
 -1.75107578e-10 -1.82846074e-15  8.72939992e-16  2.29184964e-05
 -2.04721003e-06 -1.59792198e-08  9.83759873e-10]
Fitness Value: 295155106462.8362
------------(***)------------
Child Number: 7
Crossover point: 10
Parent 1: [ 8.88838286e-18 -1.45797740e-12 -2.28980367e-13  4.62010792e-11
 -1.75214800e-10 -1.82846074e-15  8.72939992e-16  2.29423303e-05
 -2.04721003e-06 -1.59792834e-08  9.83759873e-10]
parent 2 [-2.44262899e-18 -1.45799797e-12 -2.28976531e-13  4.62010701e-11
 -1.75214808e-10 -1.82355477e-15  8.29787064e-16  2.29423303e-05
 -2.04721003e-06 -1.59792834e-08  9.83759845e-10]
Child after Crossover:
[ 8.88838286e-18 -1.45797740e-12 -2.28980367e-13  4.62010792e-11
 -1.75214800e-10 -1.82846074e-15  8.72939992e-16  2.29423303e-05
 -2.04721003e-06 -1.59792834e-08  9.83759873e-10]
Mutated Index: [1, 7, 9]
Child After Mutation:
[ 8.88845703e-18 -1.45797740e-12 -2.28980367e-13  4.62010792e-11
 -1.75214800e-10 -1.82846074e-15  8.72363337e-16  2.29423303e-05
 -2.04265077e-06 -1.59792834e-08  9.83759873e-10]
Fitness Value: 270477909001.69104
------------(***)------------
Child Number: 8
Crossover point: 3
Parent 1: [ 8.88838286e-18 -1.45797740e-12 -2.28980367e-13  4.62010792e-11
 -1.75214800e-10 -1.82846074e-15  8.72939992e-16  2.29423303e-05
 -2.04721003e-06 -1.59792834e-08  9.83759873e-10]
parent 2 [-2.44262899e-18 -1.45799797e-12 -2.28976531e-13  4.62010701e-11
 -1.75214808e-10 -1.82355477e-15  8.29787064e-16  2.29423303e-05
 -2.04721003e-06 -1.59792834e-08  9.83759845e-10]
Child after Crossover:
[ 8.88838286e-18 -1.45797740e-12 -2.28980367e-13  4.62010792e-11
 -1.75214808e-10 -1.82355477e-15  8.29787064e-16  2.29423303e-05
 -2.04721003e-06 -1.59792834e-08  9.83759845e-10]
Mutated Index: [4, 7, 10]
Child After Mutation:
[ 8.88838286e-18 -1.45797740e-12 -2.28980367e-13  4.62430293e-11
 -1.75214808e-10 -1.82355477e-15  8.30076432e-16  2.29423303e-05
 -2.04721003e-06 -1.59407250e-08  9.83759845e-10]
Fitness Value: 281474028150.67755
------------(***)------------
Child Number: 9
Crossover point: 8
Parent 1: [ 8.88838286e-18 -1.45797740e-12 -2.28980367e-13  4.62010792e-11
 -1.75214800e-10 -1.82846074e-15  8.72939992e-16  2.29423303e-05
 -2.04721003e-06 -1.59792834e-08  9.83759873e-10]
parent 2 [-2.44262899e-18 -1.45799797e-12 -2.28976531e-13  4.62010701e-11
 -1.75214808e-10 -1.82355477e-15  8.29787064e-16  2.29423303e-05
 -2.04721003e-06 -1.59792834e-08  9.83759845e-10]
Child after Crossover:
[ 8.88838286e-18 -1.45797740e-12 -2.28980367e-13  4.62010792e-11
 -1.75214800e-10 -1.82846074e-15  8.72939992e-16  2.29423303e-05
 -2.04721003e-06 -1.59792834e-08  9.83759845e-10]
Mutated Index: [1, 6]
Child After Mutation:
[ 8.88531798e-18 -1.45797740e-12 -2.28980367e-13  4.62010792e-11
 -1.75214800e-10 -1.82812035e-15  8.72939992e-16  2.29423303e-05
 -2.04721003e-06 -1.59792834e-08  9.83759845e-10]
Fitness Value: 291993424012.21967
------------(***)------------
Child Number: 10
Crossover point: 7
Parent 1: [ 8.88838286e-18 -1.45797740e-12 -2.28980367e-13  4.62010792e-11
 -1.75214800e-10 -1.82846074e-15  8.72939992e-16  2.29423303e-05
 -2.04721003e-06 -1.59792834e-08  9.83759873e-10]
parent 2 [-2.44262899e-18 -1.45799797e-12 -2.28976531e-13  4.62010701e-11
 -1.75214808e-10 -1.82355477e-15  8.29787064e-16  2.29423303e-05
 -2.04721003e-06 -1.59792834e-08  9.83759845e-10]
Child after Crossover:
[ 8.88838286e-18 -1.45797740e-12 -2.28980367e-13  4.62010792e-11
 -1.75214800e-10 -1.82846074e-15  8.72939992e-16  2.29423303e-05
 -2.04721003e-06 -1.59792834e-08  9.83759845e-10]
Mutated Index: []
Child After Mutation:
[ 8.88838286e-18 -1.45797740e-12 -2.28980367e-13  4.62010792e-11
 -1.75214800e-10 -1.82846074e-15  8.72939992e-16  2.29423303e-05
 -2.04721003e-06 -1.59792834e-08  9.83759845e-10]
Fitness Value: 292094705746.104

Children Vectors:
[[-2.44262899e-18 -1.46203100e-12 -2.28976531e-13  4.62010701e-11
  -1.75214808e-10 -1.82355477e-15  8.29787064e-16  2.29423303e-05
  -2.04721003e-06 -1.59792834e-08  9.83759873e-10]
 [-2.44262899e-18 -1.45799797e-12 -2.28976531e-13  4.62010701e-11
  -1.75214808e-10 -1.82355477e-15  8.29787064e-16  2.29423303e-05
  -2.04721003e-06 -1.59792834e-08  9.82916521e-10]
 [-2.44262899e-18 -1.45799797e-12 -2.28976531e-13  4.62010701e-11
  -1.75214808e-10 -1.82355477e-15  8.72939992e-16  2.29423303e-05
  -2.04721003e-06 -1.59792834e-08  9.83759873e-10]
 [-2.44340409e-18 -1.45797740e-12 -2.28980367e-13  4.62010792e-11
  -1.75214800e-10 -1.82846074e-15  8.72939992e-16  2.29423303e-05
  -2.04721003e-06 -1.59792834e-08  9.83759873e-10]
 [-2.44385002e-18 -1.45799797e-12 -2.28976531e-13  4.62010701e-11
  -1.75071234e-10 -1.82355477e-15  8.29787064e-16  2.29312907e-05
  -2.04721003e-06 -1.59792834e-08  9.83759873e-10]
 [-2.44262899e-18 -1.45797740e-12 -2.28980367e-13  4.62010792e-11
  -1.75107578e-10 -1.82846074e-15  8.72939992e-16  2.29184964e-05
  -2.04721003e-06 -1.59792198e-08  9.83759873e-10]
 [ 8.88845703e-18 -1.45797740e-12 -2.28980367e-13  4.62010792e-11
  -1.75214800e-10 -1.82846074e-15  8.72363337e-16  2.29423303e-05
  -2.04265077e-06 -1.59792834e-08  9.83759873e-10]
 [ 8.88838286e-18 -1.45797740e-12 -2.28980367e-13  4.62430293e-11
  -1.75214808e-10 -1.82355477e-15  8.30076432e-16  2.29423303e-05
  -2.04721003e-06 -1.59407250e-08  9.83759845e-10]
 [ 8.88531798e-18 -1.45797740e-12 -2.28980367e-13  4.62010792e-11
  -1.75214800e-10 -1.82812035e-15  8.72939992e-16  2.29423303e-05
  -2.04721003e-06 -1.59792834e-08  9.83759845e-10]
 [ 8.88838286e-18 -1.45797740e-12 -2.28980367e-13  4.62010792e-11
  -1.75214800e-10 -1.82846074e-15  8.72939992e-16  2.29423303e-05
  -2.04721003e-06 -1.59792834e-08  9.83759845e-10]]

Fitness Values:
[2.90651161e+11 3.01878582e+11 2.90651161e+11 2.92094353e+11
 2.92036606e+11 2.95155106e+11 2.70477909e+11 2.81474028e+11
 2.91993424e+11 2.92094706e+11]

Errros:
[[9.98234398e+10 1.90827722e+11]
 [1.10706533e+11 1.91172049e+11]
 [9.98234398e+10 1.90827722e+11]
 [1.01424860e+11 1.90669492e+11]
 [1.01012185e+11 1.91024421e+11]
 [1.04008577e+11 1.91146529e+11]
 [7.87059656e+10 1.91771943e+11]
 [9.03006077e+10 1.91173420e+11]
 [1.01313538e+11 1.90679886e+11]
 [1.01425218e+11 1.90669488e+11]]

New Generation Generated:
[[-7.46076066e-18 -1.45798016e-12 -2.28989686e-13  4.62010967e-11
  -1.75214799e-10 -1.83984127e-15  8.48325232e-16  2.29423303e-05
  -2.04721003e-06 -1.59792834e-08  9.83759867e-10]
 [-1.44449255e-17 -1.45799151e-12 -2.28991258e-13  4.62010810e-11
  -1.75214798e-10 -1.83696116e-15  8.33444491e-16  2.29423303e-05
  -2.04721003e-06 -1.59792834e-08  9.83759857e-10]
 [ 6.95549063e-18 -1.45799329e-12 -2.28959220e-13  4.62010799e-11
  -1.75214814e-10 -1.83342728e-15  8.59639603e-16  2.29423303e-05
  -2.04721003e-06 -1.59792834e-08  9.83759878e-10]
 [ 8.88838286e-18 -1.45797740e-12 -2.28980367e-13  4.62010792e-11
  -1.75214800e-10 -1.82846074e-15  8.72939992e-16  2.29423303e-05
  -2.04721003e-06 -1.59792834e-08  9.83759873e-10]
 [-2.44262899e-18 -1.45799797e-12 -2.28976531e-13  4.62010701e-11
  -1.75214808e-10 -1.82355477e-15  8.29787064e-16  2.29423303e-05
  -2.04721003e-06 -1.59792834e-08  9.83759845e-10]
 [ 8.88531798e-18 -1.45797740e-12 -2.28980367e-13  4.62010792e-11
  -1.75214800e-10 -1.82812035e-15  8.72939992e-16  2.29423303e-05
  -2.04721003e-06 -1.59792834e-08  9.83759845e-10]
 [ 8.88845703e-18 -1.45797740e-12 -2.28980367e-13  4.62010792e-11
  -1.75214800e-10 -1.82846074e-15  8.72363337e-16  2.29423303e-05
  -2.04265077e-06 -1.59792834e-08  9.83759873e-10]
 [ 8.88838286e-18 -1.45797740e-12 -2.28980367e-13  4.62430293e-11
  -1.75214808e-10 -1.82355477e-15  8.30076432e-16  2.29423303e-05
  -2.04721003e-06 -1.59407250e-08  9.83759845e-10]
 [-2.44262899e-18 -1.45799797e-12 -2.28976531e-13  4.62010701e-11
  -1.75214808e-10 -1.82355477e-15  8.72939992e-16  2.29423303e-05
  -2.04721003e-06 -1.59792834e-08  9.83759873e-10]
 [-2.44262899e-18 -1.46203100e-12 -2.28976531e-13  4.62010701e-11
  -1.75214808e-10 -1.82355477e-15  8.29787064e-16  2.29423303e-05
  -2.04721003e-06 -1.59792834e-08  9.83759873e-10]]

New Fitness Values
[2.95579349e+11 2.94679431e+11 2.93591579e+11 2.92094353e+11
 2.90651507e+11 2.91993424e+11 2.70477909e+11 2.81474028e+11
 2.90651161e+11 2.90651161e+11]

Best Vector fromt his Generation:
[ 8.88845703e-18 -1.45797740e-12 -2.28980367e-13  4.62010792e-11
 -1.75214800e-10 -1.82846074e-15  8.72363337e-16  2.29423303e-05
 -2.04265077e-06 -1.59792834e-08  9.83759873e-10]
With Fitness:
270477909001.69104
**************************************************************
---------------------------New Iteration-----------------------
Iteration 2

Parent Population:
[-7.46076066e-18 -1.45798016e-12 -2.28989686e-13  4.62010967e-11
 -1.75214799e-10 -1.83984127e-15  8.48325232e-16  2.29423303e-05
 -2.04721003e-06 -1.59792834e-08  9.83759867e-10]
Fitness values:
295579349174.21814

Parent Population:
[-1.44449255e-17 -1.45799151e-12 -2.28991258e-13  4.62010810e-11
 -1.75214798e-10 -1.83696116e-15  8.33444491e-16  2.29423303e-05
 -2.04721003e-06 -1.59792834e-08  9.83759857e-10]
Fitness values:
294679430521.92523

Parent Population:
[ 6.95549063e-18 -1.45799329e-12 -2.28959220e-13  4.62010799e-11
 -1.75214814e-10 -1.83342728e-15  8.59639603e-16  2.29423303e-05
 -2.04721003e-06 -1.59792834e-08  9.83759878e-10]
Fitness values:
293591579390.3793

Parent Population:
[ 8.88838286e-18 -1.45797740e-12 -2.28980367e-13  4.62010792e-11
 -1.75214800e-10 -1.82846074e-15  8.72939992e-16  2.29423303e-05
 -2.04721003e-06 -1.59792834e-08  9.83759873e-10]
Fitness values:
292094352657.6813

Parent Population:
[-2.44262899e-18 -1.45799797e-12 -2.28976531e-13  4.62010701e-11
 -1.75214808e-10 -1.82355477e-15  8.29787064e-16  2.29423303e-05
 -2.04721003e-06 -1.59792834e-08  9.83759845e-10]
Fitness values:
290651506853.2852

Parent Population:
[ 8.88531798e-18 -1.45797740e-12 -2.28980367e-13  4.62010792e-11
 -1.75214800e-10 -1.82812035e-15  8.72939992e-16  2.29423303e-05
 -2.04721003e-06 -1.59792834e-08  9.83759845e-10]
Fitness values:
291993424012.21967

Parent Population:
[ 8.88845703e-18 -1.45797740e-12 -2.28980367e-13  4.62010792e-11
 -1.75214800e-10 -1.82846074e-15  8.72363337e-16  2.29423303e-05
 -2.04265077e-06 -1.59792834e-08  9.83759873e-10]
Fitness values:
270477909001.69104

Parent Population:
[ 8.88838286e-18 -1.45797740e-12 -2.28980367e-13  4.62430293e-11
 -1.75214808e-10 -1.82355477e-15  8.30076432e-16  2.29423303e-05
 -2.04721003e-06 -1.59407250e-08  9.83759845e-10]
Fitness values:
281474028150.67755

Parent Population:
[-2.44262899e-18 -1.45799797e-12 -2.28976531e-13  4.62010701e-11
 -1.75214808e-10 -1.82355477e-15  8.72939992e-16  2.29423303e-05
 -2.04721003e-06 -1.59792834e-08  9.83759873e-10]
Fitness values:
290651161477.28357

Parent Population:
[-2.44262899e-18 -1.46203100e-12 -2.28976531e-13  4.62010701e-11
 -1.75214808e-10 -1.82355477e-15  8.29787064e-16  2.29423303e-05
 -2.04721003e-06 -1.59792834e-08  9.83759873e-10]
Fitness values:
290651161478.8679
------------(***)------------
Child Number: 1
Crossover point: 2
Parent 1: [ 8.88838286e-18 -1.45797740e-12 -2.28980367e-13  4.62430293e-11
 -1.75214808e-10 -1.82355477e-15  8.30076432e-16  2.29423303e-05
 -2.04721003e-06 -1.59407250e-08  9.83759845e-10]
parent 2 [ 8.88845703e-18 -1.45797740e-12 -2.28980367e-13  4.62010792e-11
 -1.75214800e-10 -1.82846074e-15  8.72363337e-16  2.29423303e-05
 -2.04265077e-06 -1.59792834e-08  9.83759873e-10]
Child after Crossover:
[ 8.88845703e-18 -1.45797740e-12 -2.28980367e-13  4.62430293e-11
 -1.75214808e-10 -1.82355477e-15  8.30076432e-16  2.29423303e-05
 -2.04721003e-06 -1.59407250e-08  9.83759845e-10]
Mutated Index: [1, 10]
Child After Mutation:
[ 8.88616857e-18 -1.45797740e-12 -2.28980367e-13  4.62430293e-11
 -1.75214808e-10 -1.82355477e-15  8.30076432e-16  2.29423303e-05
 -2.04721003e-06 -1.59026193e-08  9.83759845e-10]
Fitness Value: 274047872254.54333
------------(***)------------
Child Number: 2
Crossover point: 3
Parent 1: [ 8.88838286e-18 -1.45797740e-12 -2.28980367e-13  4.62430293e-11
 -1.75214808e-10 -1.82355477e-15  8.30076432e-16  2.29423303e-05
 -2.04721003e-06 -1.59407250e-08  9.83759845e-10]
parent 2 [ 8.88845703e-18 -1.45797740e-12 -2.28980367e-13  4.62010792e-11
 -1.75214800e-10 -1.82846074e-15  8.72363337e-16  2.29423303e-05
 -2.04265077e-06 -1.59792834e-08  9.83759873e-10]
Child after Crossover:
[ 8.88845703e-18 -1.45797740e-12 -2.28980367e-13  4.62010792e-11
 -1.75214808e-10 -1.82355477e-15  8.30076432e-16  2.29423303e-05
 -2.04721003e-06 -1.59407250e-08  9.83759845e-10]
Mutated Index: [4, 10]
Child After Mutation:
[ 8.88845703e-18 -1.45797740e-12 -2.28980367e-13  4.62494986e-11
 -1.75214808e-10 -1.82355477e-15  8.30076432e-16  2.29423303e-05
 -2.04721003e-06 -1.59479121e-08  9.83759845e-10]
Fitness Value: 283057812583.3259
------------(***)------------
Child Number: 3
Crossover point: 0
Parent 1: [ 8.88838286e-18 -1.45797740e-12 -2.28980367e-13  4.62430293e-11
 -1.75214808e-10 -1.82355477e-15  8.30076432e-16  2.29423303e-05
 -2.04721003e-06 -1.59407250e-08  9.83759845e-10]
parent 2 [ 8.88845703e-18 -1.45797740e-12 -2.28980367e-13  4.62010792e-11
 -1.75214800e-10 -1.82846074e-15  8.72363337e-16  2.29423303e-05
 -2.04265077e-06 -1.59792834e-08  9.83759873e-10]
Child after Crossover:
[ 8.88838286e-18 -1.45797740e-12 -2.28980367e-13  4.62010792e-11
 -1.75214800e-10 -1.82846074e-15  8.72363337e-16  2.29423303e-05
 -2.04265077e-06 -1.59792834e-08  9.83759873e-10]
Mutated Index: [2]
Child After Mutation:
[ 8.88838286e-18 -1.45851262e-12 -2.28980367e-13  4.62010792e-11
 -1.75214800e-10 -1.82846074e-15  8.72363337e-16  2.29423303e-05
 -2.04265077e-06 -1.59792834e-08  9.83759873e-10]
Fitness Value: 270477909001.69104
------------(***)------------
Child Number: 4
Crossover point: 9
Parent 1: [ 8.88838286e-18 -1.45797740e-12 -2.28980367e-13  4.62430293e-11
 -1.75214808e-10 -1.82355477e-15  8.30076432e-16  2.29423303e-05
 -2.04721003e-06 -1.59407250e-08  9.83759845e-10]
parent 2 [ 8.88845703e-18 -1.45797740e-12 -2.28980367e-13  4.62010792e-11
 -1.75214800e-10 -1.82846074e-15  8.72363337e-16  2.29423303e-05
 -2.04265077e-06 -1.59792834e-08  9.83759873e-10]
Child after Crossover:
[ 8.88838286e-18 -1.45797740e-12 -2.28980367e-13  4.62430293e-11
 -1.75214808e-10 -1.82355477e-15  8.30076432e-16  2.29423303e-05
 -2.04721003e-06 -1.59407250e-08  9.83759873e-10]
Mutated Index: [3, 6]
Child After Mutation:
[ 8.88838286e-18 -1.45797740e-12 -2.28852838e-13  4.62430293e-11
 -1.75214808e-10 -1.82357331e-15  8.30076432e-16  2.29423303e-05
 -2.04721003e-06 -1.59407250e-08  9.83759873e-10]
Fitness Value: 281478322313.5152
------------(***)------------
Child Number: 5
Crossover point: 3
Parent 1: [ 8.88838286e-18 -1.45797740e-12 -2.28980367e-13  4.62430293e-11
 -1.75214808e-10 -1.82355477e-15  8.30076432e-16  2.29423303e-05
 -2.04721003e-06 -1.59407250e-08  9.83759845e-10]
parent 2 [ 8.88845703e-18 -1.45797740e-12 -2.28980367e-13  4.62010792e-11
 -1.75214800e-10 -1.82846074e-15  8.72363337e-16  2.29423303e-05
 -2.04265077e-06 -1.59792834e-08  9.83759873e-10]
Child after Crossover:
[ 8.88845703e-18 -1.45797740e-12 -2.28980367e-13  4.62010792e-11
 -1.75214808e-10 -1.82355477e-15  8.30076432e-16  2.29423303e-05
 -2.04721003e-06 -1.59407250e-08  9.83759845e-10]
Mutated Index: [4, 6, 8]
Child After Mutation:
[ 8.88845703e-18 -1.45797740e-12 -2.28980367e-13  4.61018871e-11
 -1.75214808e-10 -1.82434551e-15  8.30076432e-16  2.29310522e-05
 -2.04721003e-06 -1.59407250e-08  9.83759845e-10]
Fitness Value: 282878482434.7113
------------(***)------------
Child Number: 6
Crossover point: 1
Parent 1: [ 8.88838286e-18 -1.45797740e-12 -2.28980367e-13  4.62430293e-11
 -1.75214808e-10 -1.82355477e-15  8.30076432e-16  2.29423303e-05
 -2.04721003e-06 -1.59407250e-08  9.83759845e-10]
parent 2 [ 8.88845703e-18 -1.45797740e-12 -2.28980367e-13  4.62010792e-11
 -1.75214800e-10 -1.82846074e-15  8.72363337e-16  2.29423303e-05
 -2.04265077e-06 -1.59792834e-08  9.83759873e-10]
Child after Crossover:
[ 8.88845703e-18 -1.45797740e-12 -2.28980367e-13  4.62430293e-11
 -1.75214808e-10 -1.82355477e-15  8.30076432e-16  2.29423303e-05
 -2.04721003e-06 -1.59407250e-08  9.83759845e-10]
Mutated Index: [7, 8]
Child After Mutation:
[ 8.88845703e-18 -1.45797740e-12 -2.28980367e-13  4.62430293e-11
 -1.75214808e-10 -1.82355477e-15  8.29689592e-16  2.29263110e-05
 -2.04721003e-06 -1.59407250e-08  9.83759845e-10]
Fitness Value: 283193047786.7076
------------(***)------------
Child Number: 7
Crossover point: 9
Parent 1: [ 8.88838286e-18 -1.45797740e-12 -2.28980367e-13  4.62430293e-11
 -1.75214808e-10 -1.82355477e-15  8.30076432e-16  2.29423303e-05
 -2.04721003e-06 -1.59407250e-08  9.83759845e-10]
parent 2 [ 8.88845703e-18 -1.45797740e-12 -2.28980367e-13  4.62010792e-11
 -1.75214800e-10 -1.82846074e-15  8.72363337e-16  2.29423303e-05
 -2.04265077e-06 -1.59792834e-08  9.83759873e-10]
Child after Crossover:
[ 8.88838286e-18 -1.45797740e-12 -2.28980367e-13  4.62430293e-11
 -1.75214808e-10 -1.82355477e-15  8.30076432e-16  2.29423303e-05
 -2.04721003e-06 -1.59407250e-08  9.83759873e-10]
Mutated Index: [4, 5]
Child After Mutation:
[ 8.88838286e-18 -1.45797740e-12 -2.28980367e-13  4.63286808e-11
 -1.75096084e-10 -1.82355477e-15  8.30076432e-16  2.29423303e-05
 -2.04721003e-06 -1.59407250e-08  9.83759873e-10]
Fitness Value: 281473745967.8763
------------(***)------------
Child Number: 8
Crossover point: 10
Parent 1: [ 8.88838286e-18 -1.45797740e-12 -2.28980367e-13  4.62430293e-11
 -1.75214808e-10 -1.82355477e-15  8.30076432e-16  2.29423303e-05
 -2.04721003e-06 -1.59407250e-08  9.83759845e-10]
parent 2 [ 8.88845703e-18 -1.45797740e-12 -2.28980367e-13  4.62010792e-11
 -1.75214800e-10 -1.82846074e-15  8.72363337e-16  2.29423303e-05
 -2.04265077e-06 -1.59792834e-08  9.83759873e-10]
Child after Crossover:
[ 8.88838286e-18 -1.45797740e-12 -2.28980367e-13  4.62430293e-11
 -1.75214808e-10 -1.82355477e-15  8.30076432e-16  2.29423303e-05
 -2.04721003e-06 -1.59407250e-08  9.83759845e-10]
Mutated Index: [4, 6, 7]
Child After Mutation:
[ 8.88838286e-18 -1.45797740e-12 -2.28980367e-13  4.62769070e-11
 -1.75214808e-10 -1.82146885e-15  8.30805136e-16  2.29423303e-05
 -2.04721003e-06 -1.59407250e-08  9.83759845e-10]
Fitness Value: 280962342565.52124
------------(***)------------
Child Number: 9
Crossover point: 5
Parent 1: [ 8.88838286e-18 -1.45797740e-12 -2.28980367e-13  4.62430293e-11
 -1.75214808e-10 -1.82355477e-15  8.30076432e-16  2.29423303e-05
 -2.04721003e-06 -1.59407250e-08  9.83759845e-10]
parent 2 [ 8.88845703e-18 -1.45797740e-12 -2.28980367e-13  4.62010792e-11
 -1.75214800e-10 -1.82846074e-15  8.72363337e-16  2.29423303e-05
 -2.04265077e-06 -1.59792834e-08  9.83759873e-10]
Child after Crossover:
[ 8.88845703e-18 -1.45797740e-12 -2.28980367e-13  4.62010792e-11
 -1.75214800e-10 -1.82846074e-15  8.30076432e-16  2.29423303e-05
 -2.04721003e-06 -1.59407250e-08  9.83759845e-10]
Mutated Index: [4, 5]
Child After Mutation:
[ 8.88845703e-18 -1.45797740e-12 -2.28980367e-13  4.62798508e-11
 -1.75242107e-10 -1.82846074e-15  8.30076432e-16  2.29423303e-05
 -2.04721003e-06 -1.59407250e-08  9.83759845e-10]
Fitness Value: 282702858697.42065
------------(***)------------
Child Number: 10
Crossover point: 6
Parent 1: [ 8.88838286e-18 -1.45797740e-12 -2.28980367e-13  4.62430293e-11
 -1.75214808e-10 -1.82355477e-15  8.30076432e-16  2.29423303e-05
 -2.04721003e-06 -1.59407250e-08  9.83759845e-10]
parent 2 [ 8.88845703e-18 -1.45797740e-12 -2.28980367e-13  4.62010792e-11
 -1.75214800e-10 -1.82846074e-15  8.72363337e-16  2.29423303e-05
 -2.04265077e-06 -1.59792834e-08  9.83759873e-10]
Child after Crossover:
[ 8.88845703e-18 -1.45797740e-12 -2.28980367e-13  4.62010792e-11
 -1.75214800e-10 -1.82846074e-15  8.72363337e-16  2.29423303e-05
 -2.04721003e-06 -1.59407250e-08  9.83759845e-10]
Mutated Index: [3, 5, 6, 11]
Child After Mutation:
[ 8.88845703e-18 -1.45797740e-12 -2.28904689e-13  4.62010792e-11
 -1.75231377e-10 -1.83058498e-15  8.72363337e-16  2.29423303e-05
 -2.04721003e-06 -1.59407250e-08  9.82429339e-10]
Fitness Value: 299560186645.4853

Children Vectors:
[[ 8.88616857e-18 -1.45797740e-12 -2.28980367e-13  4.62430293e-11
  -1.75214808e-10 -1.82355477e-15  8.30076432e-16  2.29423303e-05
  -2.04721003e-06 -1.59026193e-08  9.83759845e-10]
 [ 8.88845703e-18 -1.45797740e-12 -2.28980367e-13  4.62494986e-11
  -1.75214808e-10 -1.82355477e-15  8.30076432e-16  2.29423303e-05
  -2.04721003e-06 -1.59479121e-08  9.83759845e-10]
 [ 8.88838286e-18 -1.45851262e-12 -2.28980367e-13  4.62010792e-11
  -1.75214800e-10 -1.82846074e-15  8.72363337e-16  2.29423303e-05
  -2.04265077e-06 -1.59792834e-08  9.83759873e-10]
 [ 8.88838286e-18 -1.45797740e-12 -2.28852838e-13  4.62430293e-11
  -1.75214808e-10 -1.82357331e-15  8.30076432e-16  2.29423303e-05
  -2.04721003e-06 -1.59407250e-08  9.83759873e-10]
 [ 8.88845703e-18 -1.45797740e-12 -2.28980367e-13  4.61018871e-11
  -1.75214808e-10 -1.82434551e-15  8.30076432e-16  2.29310522e-05
  -2.04721003e-06 -1.59407250e-08  9.83759845e-10]
 [ 8.88845703e-18 -1.45797740e-12 -2.28980367e-13  4.62430293e-11
  -1.75214808e-10 -1.82355477e-15  8.29689592e-16  2.29263110e-05
  -2.04721003e-06 -1.59407250e-08  9.83759845e-10]
 [ 8.88838286e-18 -1.45797740e-12 -2.28980367e-13  4.63286808e-11
  -1.75096084e-10 -1.82355477e-15  8.30076432e-16  2.29423303e-05
  -2.04721003e-06 -1.59407250e-08  9.83759873e-10]
 [ 8.88838286e-18 -1.45797740e-12 -2.28980367e-13  4.62769070e-11
  -1.75214808e-10 -1.82146885e-15  8.30805136e-16  2.29423303e-05
  -2.04721003e-06 -1.59407250e-08  9.83759845e-10]
 [ 8.88845703e-18 -1.45797740e-12 -2.28980367e-13  4.62798508e-11
  -1.75242107e-10 -1.82846074e-15  8.30076432e-16  2.29423303e-05
  -2.04721003e-06 -1.59407250e-08  9.83759845e-10]
 [ 8.88845703e-18 -1.45797740e-12 -2.28904689e-13  4.62010792e-11
  -1.75231377e-10 -1.83058498e-15  8.72363337e-16  2.29423303e-05
  -2.04721003e-06 -1.59407250e-08  9.82429339e-10]]

Fitness Values:
[2.74047872e+11 2.83057813e+11 2.70477909e+11 2.81478322e+11
 2.82878482e+11 2.83193048e+11 2.81473746e+11 2.80962343e+11
 2.82702859e+11 2.99560187e+11]

Errros:
[[8.14526644e+10 1.92595208e+11]
 [9.20321952e+10 1.91025617e+11]
 [7.87059656e+10 1.91771943e+11]
 [9.03059555e+10 1.91172367e+11]
 [9.16874407e+10 1.91191042e+11]
 [9.19264059e+10 1.91266642e+11]
 [9.03002785e+10 1.91173468e+11]
 [8.96634316e+10 1.91298911e+11]
 [9.18117881e+10 1.90891071e+11]
 [1.09212930e+11 1.90347257e+11]]

New Generation Generated:
[[-2.44262899e-18 -1.45799797e-12 -2.28976531e-13  4.62010701e-11
  -1.75214808e-10 -1.82355477e-15  8.29787064e-16  2.29423303e-05
  -2.04721003e-06 -1.59792834e-08  9.83759845e-10]
 [-2.44262899e-18 -1.46203100e-12 -2.28976531e-13  4.62010701e-11
  -1.75214808e-10 -1.82355477e-15  8.29787064e-16  2.29423303e-05
  -2.04721003e-06 -1.59792834e-08  9.83759873e-10]
 [-2.44262899e-18 -1.45799797e-12 -2.28976531e-13  4.62010701e-11
  -1.75214808e-10 -1.82355477e-15  8.72939992e-16  2.29423303e-05
  -2.04721003e-06 -1.59792834e-08  9.83759873e-10]
 [ 8.88838286e-18 -1.45797740e-12 -2.28980367e-13  4.62430293e-11
  -1.75214808e-10 -1.82355477e-15  8.30076432e-16  2.29423303e-05
  -2.04721003e-06 -1.59407250e-08  9.83759845e-10]
 [ 8.88845703e-18 -1.45797740e-12 -2.28980367e-13  4.62010792e-11
  -1.75214800e-10 -1.82846074e-15  8.72363337e-16  2.29423303e-05
  -2.04265077e-06 -1.59792834e-08  9.83759873e-10]
 [ 8.88838286e-18 -1.45797740e-12 -2.28852838e-13  4.62430293e-11
  -1.75214808e-10 -1.82357331e-15  8.30076432e-16  2.29423303e-05
  -2.04721003e-06 -1.59407250e-08  9.83759873e-10]
 [ 8.88838286e-18 -1.45851262e-12 -2.28980367e-13  4.62010792e-11
  -1.75214800e-10 -1.82846074e-15  8.72363337e-16  2.29423303e-05
  -2.04265077e-06 -1.59792834e-08  9.83759873e-10]
 [ 8.88616857e-18 -1.45797740e-12 -2.28980367e-13  4.62430293e-11
  -1.75214808e-10 -1.82355477e-15  8.30076432e-16  2.29423303e-05
  -2.04721003e-06 -1.59026193e-08  9.83759845e-10]
 [ 8.88838286e-18 -1.45797740e-12 -2.28980367e-13  4.62769070e-11
  -1.75214808e-10 -1.82146885e-15  8.30805136e-16  2.29423303e-05
  -2.04721003e-06 -1.59407250e-08  9.83759845e-10]
 [ 8.88838286e-18 -1.45797740e-12 -2.28980367e-13  4.63286808e-11
  -1.75096084e-10 -1.82355477e-15  8.30076432e-16  2.29423303e-05
  -2.04721003e-06 -1.59407250e-08  9.83759873e-10]]

New Fitness Values
[2.90651507e+11 2.90651161e+11 2.90651161e+11 2.81474028e+11
 2.70477909e+11 2.81478322e+11 2.70477909e+11 2.74047872e+11
 2.80962343e+11 2.81473746e+11]

Best Vector fromt his Generation:
[ 8.88845703e-18 -1.45797740e-12 -2.28980367e-13  4.62010792e-11
 -1.75214800e-10 -1.82846074e-15  8.72363337e-16  2.29423303e-05
 -2.04265077e-06 -1.59792834e-08  9.83759873e-10]
With Fitness:
270477909001.69104
**************************************************************
---------------------------New Iteration-----------------------
Iteration 3

Parent Population:
[-2.44262899e-18 -1.45799797e-12 -2.28976531e-13  4.62010701e-11
 -1.75214808e-10 -1.82355477e-15  8.29787064e-16  2.29423303e-05
 -2.04721003e-06 -1.59792834e-08  9.83759845e-10]
Fitness values:
290651506853.2852

Parent Population:
[-2.44262899e-18 -1.46203100e-12 -2.28976531e-13  4.62010701e-11
 -1.75214808e-10 -1.82355477e-15  8.29787064e-16  2.29423303e-05
 -2.04721003e-06 -1.59792834e-08  9.83759873e-10]
Fitness values:
290651161478.8679

Parent Population:
[-2.44262899e-18 -1.45799797e-12 -2.28976531e-13  4.62010701e-11
 -1.75214808e-10 -1.82355477e-15  8.72939992e-16  2.29423303e-05
 -2.04721003e-06 -1.59792834e-08  9.83759873e-10]
Fitness values:
290651161477.28357

Parent Population:
[ 8.88838286e-18 -1.45797740e-12 -2.28980367e-13  4.62430293e-11
 -1.75214808e-10 -1.82355477e-15  8.30076432e-16  2.29423303e-05
 -2.04721003e-06 -1.59407250e-08  9.83759845e-10]
Fitness values:
281474028150.67755

Parent Population:
[ 8.88845703e-18 -1.45797740e-12 -2.28980367e-13  4.62010792e-11
 -1.75214800e-10 -1.82846074e-15  8.72363337e-16  2.29423303e-05
 -2.04265077e-06 -1.59792834e-08  9.83759873e-10]
Fitness values:
270477909001.69104

Parent Population:
[ 8.88838286e-18 -1.45797740e-12 -2.28852838e-13  4.62430293e-11
 -1.75214808e-10 -1.82357331e-15  8.30076432e-16  2.29423303e-05
 -2.04721003e-06 -1.59407250e-08  9.83759873e-10]
Fitness values:
281478322313.5152

Parent Population:
[ 8.88838286e-18 -1.45851262e-12 -2.28980367e-13  4.62010792e-11
 -1.75214800e-10 -1.82846074e-15  8.72363337e-16  2.29423303e-05
 -2.04265077e-06 -1.59792834e-08  9.83759873e-10]
Fitness values:
270477909001.69104

Parent Population:
[ 8.88616857e-18 -1.45797740e-12 -2.28980367e-13  4.62430293e-11
 -1.75214808e-10 -1.82355477e-15  8.30076432e-16  2.29423303e-05
 -2.04721003e-06 -1.59026193e-08  9.83759845e-10]
Fitness values:
274047872254.54333

Parent Population:
[ 8.88838286e-18 -1.45797740e-12 -2.28980367e-13  4.62769070e-11
 -1.75214808e-10 -1.82146885e-15  8.30805136e-16  2.29423303e-05
 -2.04721003e-06 -1.59407250e-08  9.83759845e-10]
Fitness values:
280962342565.52124

Parent Population:
[ 8.88838286e-18 -1.45797740e-12 -2.28980367e-13  4.63286808e-11
 -1.75096084e-10 -1.82355477e-15  8.30076432e-16  2.29423303e-05
 -2.04721003e-06 -1.59407250e-08  9.83759873e-10]
Fitness values:
281473745967.8763
------------(***)------------
Child Number: 1
Crossover point: 7
Parent 1: [ 8.88845703e-18 -1.45797740e-12 -2.28980367e-13  4.62010792e-11
 -1.75214800e-10 -1.82846074e-15  8.72363337e-16  2.29423303e-05
 -2.04265077e-06 -1.59792834e-08  9.83759873e-10]
parent 2 [ 8.88838286e-18 -1.45851262e-12 -2.28980367e-13  4.62010792e-11
 -1.75214800e-10 -1.82846074e-15  8.72363337e-16  2.29423303e-05
 -2.04265077e-06 -1.59792834e-08  9.83759873e-10]
Child after Crossover:
[ 8.88838286e-18 -1.45851262e-12 -2.28980367e-13  4.62010792e-11
 -1.75214800e-10 -1.82846074e-15  8.72363337e-16  2.29423303e-05
 -2.04265077e-06 -1.59792834e-08  9.83759873e-10]
Mutated Index: [11]
Child After Mutation:
[ 8.88838286e-18 -1.45851262e-12 -2.28980367e-13  4.62010792e-11
 -1.75214800e-10 -1.82846074e-15  8.72363337e-16  2.29423303e-05
 -2.04265077e-06 -1.59792834e-08  9.84076366e-10]
Fitness Value: 268283582730.37708
------------(***)------------
Child Number: 2
Crossover point: 10
Parent 1: [ 8.88845703e-18 -1.45797740e-12 -2.28980367e-13  4.62010792e-11
 -1.75214800e-10 -1.82846074e-15  8.72363337e-16  2.29423303e-05
 -2.04265077e-06 -1.59792834e-08  9.83759873e-10]
parent 2 [ 8.88838286e-18 -1.45851262e-12 -2.28980367e-13  4.62010792e-11
 -1.75214800e-10 -1.82846074e-15  8.72363337e-16  2.29423303e-05
 -2.04265077e-06 -1.59792834e-08  9.83759873e-10]
Child after Crossover:
[ 8.88838286e-18 -1.45851262e-12 -2.28980367e-13  4.62010792e-11
 -1.75214800e-10 -1.82846074e-15  8.72363337e-16  2.29423303e-05
 -2.04265077e-06 -1.59792834e-08  9.83759873e-10]
Mutated Index: [1]
Child After Mutation:
[ 8.89188484e-18 -1.45851262e-12 -2.28980367e-13  4.62010792e-11
 -1.75214800e-10 -1.82846074e-15  8.72363337e-16  2.29423303e-05
 -2.04265077e-06 -1.59792834e-08  9.83759873e-10]
Fitness Value: 270477909001.69104
------------(***)------------
Child Number: 3
Crossover point: 0
Parent 1: [ 8.88845703e-18 -1.45797740e-12 -2.28980367e-13  4.62010792e-11
 -1.75214800e-10 -1.82846074e-15  8.72363337e-16  2.29423303e-05
 -2.04265077e-06 -1.59792834e-08  9.83759873e-10]
parent 2 [ 8.88838286e-18 -1.45851262e-12 -2.28980367e-13  4.62010792e-11
 -1.75214800e-10 -1.82846074e-15  8.72363337e-16  2.29423303e-05
 -2.04265077e-06 -1.59792834e-08  9.83759873e-10]
Child after Crossover:
[ 8.88838286e-18 -1.45797740e-12 -2.28980367e-13  4.62010792e-11
 -1.75214800e-10 -1.82846074e-15  8.72363337e-16  2.29423303e-05
 -2.04265077e-06 -1.59792834e-08  9.83759873e-10]
Mutated Index: [7]
Child After Mutation:
[ 8.88838286e-18 -1.45797740e-12 -2.28980367e-13  4.62010792e-11
 -1.75214800e-10 -1.82846074e-15  8.72753231e-16  2.29423303e-05
 -2.04265077e-06 -1.59792834e-08  9.83759873e-10]
Fitness Value: 270477909001.69104
------------(***)------------
Child Number: 4
Crossover point: 2
Parent 1: [ 8.88845703e-18 -1.45797740e-12 -2.28980367e-13  4.62010792e-11
 -1.75214800e-10 -1.82846074e-15  8.72363337e-16  2.29423303e-05
 -2.04265077e-06 -1.59792834e-08  9.83759873e-10]
parent 2 [ 8.88838286e-18 -1.45851262e-12 -2.28980367e-13  4.62010792e-11
 -1.75214800e-10 -1.82846074e-15  8.72363337e-16  2.29423303e-05
 -2.04265077e-06 -1.59792834e-08  9.83759873e-10]
Child after Crossover:
[ 8.88845703e-18 -1.45797740e-12 -2.28980367e-13  4.62010792e-11
 -1.75214800e-10 -1.82846074e-15  8.72363337e-16  2.29423303e-05
 -2.04265077e-06 -1.59792834e-08  9.83759873e-10]
Mutated Index: [1, 8]
Child After Mutation:
[ 8.88147873e-18 -1.45797740e-12 -2.28980367e-13  4.62010792e-11
 -1.75214800e-10 -1.82846074e-15  8.72363337e-16  2.29616501e-05
 -2.04265077e-06 -1.59792834e-08  9.83759873e-10]
Fitness Value: 268946234677.2728
------------(***)------------
Child Number: 5
Crossover point: 9
Parent 1: [ 8.88845703e-18 -1.45797740e-12 -2.28980367e-13  4.62010792e-11
 -1.75214800e-10 -1.82846074e-15  8.72363337e-16  2.29423303e-05
 -2.04265077e-06 -1.59792834e-08  9.83759873e-10]
parent 2 [ 8.88838286e-18 -1.45851262e-12 -2.28980367e-13  4.62010792e-11
 -1.75214800e-10 -1.82846074e-15  8.72363337e-16  2.29423303e-05
 -2.04265077e-06 -1.59792834e-08  9.83759873e-10]
Child after Crossover:
[ 8.88845703e-18 -1.45797740e-12 -2.28980367e-13  4.62010792e-11
 -1.75214800e-10 -1.82846074e-15  8.72363337e-16  2.29423303e-05
 -2.04265077e-06 -1.59792834e-08  9.83759873e-10]
Mutated Index: [1, 8, 9, 11]
Child After Mutation:
[ 8.88622499e-18 -1.45797740e-12 -2.28980367e-13  4.62010792e-11
 -1.75214800e-10 -1.82846074e-15  8.72363337e-16  2.29326487e-05
 -2.04126614e-06 -1.59792834e-08  9.82921889e-10]
Fitness Value: 272535926934.1723
------------(***)------------
Child Number: 6
Crossover point: 0
Parent 1: [ 8.88845703e-18 -1.45797740e-12 -2.28980367e-13  4.62010792e-11
 -1.75214800e-10 -1.82846074e-15  8.72363337e-16  2.29423303e-05
 -2.04265077e-06 -1.59792834e-08  9.83759873e-10]
parent 2 [ 8.88838286e-18 -1.45851262e-12 -2.28980367e-13  4.62010792e-11
 -1.75214800e-10 -1.82846074e-15  8.72363337e-16  2.29423303e-05
 -2.04265077e-06 -1.59792834e-08  9.83759873e-10]
Child after Crossover:
[ 8.88845703e-18 -1.45851262e-12 -2.28980367e-13  4.62010792e-11
 -1.75214800e-10 -1.82846074e-15  8.72363337e-16  2.29423303e-05
 -2.04265077e-06 -1.59792834e-08  9.83759873e-10]
Mutated Index: [3, 7, 10]
Child After Mutation:
[ 8.88845703e-18 -1.45851262e-12 -2.28828689e-13  4.62010792e-11
 -1.75214800e-10 -1.82846074e-15  8.72832636e-16  2.29423303e-05
 -2.04265077e-06 -1.59725103e-08  9.83759873e-10]
Fitness Value: 269420796384.96472
------------(***)------------
Child Number: 7
Crossover point: 8
Parent 1: [ 8.88845703e-18 -1.45797740e-12 -2.28980367e-13  4.62010792e-11
 -1.75214800e-10 -1.82846074e-15  8.72363337e-16  2.29423303e-05
 -2.04265077e-06 -1.59792834e-08  9.83759873e-10]
parent 2 [ 8.88838286e-18 -1.45851262e-12 -2.28980367e-13  4.62010792e-11
 -1.75214800e-10 -1.82846074e-15  8.72363337e-16  2.29423303e-05
 -2.04265077e-06 -1.59792834e-08  9.83759873e-10]
Child after Crossover:
[ 8.88845703e-18 -1.45797740e-12 -2.28980367e-13  4.62010792e-11
 -1.75214800e-10 -1.82846074e-15  8.72363337e-16  2.29423303e-05
 -2.04265077e-06 -1.59792834e-08  9.83759873e-10]
Mutated Index: [2, 8, 9]
Child After Mutation:
[ 8.88845703e-18 -1.45775047e-12 -2.28980367e-13  4.62010792e-11
 -1.75214800e-10 -1.82846074e-15  8.72363337e-16  2.29603069e-05
 -2.04486720e-06 -1.59792834e-08  9.83759873e-10]
Fitness Value: 277902501173.46826
------------(***)------------
Child Number: 8
Crossover point: 9
Parent 1: [ 8.88845703e-18 -1.45797740e-12 -2.28980367e-13  4.62010792e-11
 -1.75214800e-10 -1.82846074e-15  8.72363337e-16  2.29423303e-05
 -2.04265077e-06 -1.59792834e-08  9.83759873e-10]
parent 2 [ 8.88838286e-18 -1.45851262e-12 -2.28980367e-13  4.62010792e-11
 -1.75214800e-10 -1.82846074e-15  8.72363337e-16  2.29423303e-05
 -2.04265077e-06 -1.59792834e-08  9.83759873e-10]
Child after Crossover:
[ 8.88838286e-18 -1.45851262e-12 -2.28980367e-13  4.62010792e-11
 -1.75214800e-10 -1.82846074e-15  8.72363337e-16  2.29423303e-05
 -2.04265077e-06 -1.59792834e-08  9.83759873e-10]
Mutated Index: [7, 10]
Child After Mutation:
[ 8.88838286e-18 -1.45851262e-12 -2.28980367e-13  4.62010792e-11
 -1.75214800e-10 -1.82846074e-15  8.72734546e-16  2.29423303e-05
 -2.04265077e-06 -1.59538533e-08  9.83759873e-10]
Fitness Value: 266775806666.56906
------------(***)------------
Child Number: 9
Crossover point: 0
Parent 1: [ 8.88845703e-18 -1.45797740e-12 -2.28980367e-13  4.62010792e-11
 -1.75214800e-10 -1.82846074e-15  8.72363337e-16  2.29423303e-05
 -2.04265077e-06 -1.59792834e-08  9.83759873e-10]
parent 2 [ 8.88838286e-18 -1.45851262e-12 -2.28980367e-13  4.62010792e-11
 -1.75214800e-10 -1.82846074e-15  8.72363337e-16  2.29423303e-05
 -2.04265077e-06 -1.59792834e-08  9.83759873e-10]
Child after Crossover:
[ 8.88838286e-18 -1.45797740e-12 -2.28980367e-13  4.62010792e-11
 -1.75214800e-10 -1.82846074e-15  8.72363337e-16  2.29423303e-05
 -2.04265077e-06 -1.59792834e-08  9.83759873e-10]
Mutated Index: [7, 10]
Child After Mutation:
[ 8.88838286e-18 -1.45797740e-12 -2.28980367e-13  4.62010792e-11
 -1.75214800e-10 -1.82846074e-15  8.71682720e-16  2.29423303e-05
 -2.04265077e-06 -1.59944607e-08  9.83759873e-10]
Fitness Value: 273034168037.10767
------------(***)------------
Child Number: 10
Crossover point: 0
Parent 1: [ 8.88845703e-18 -1.45797740e-12 -2.28980367e-13  4.62010792e-11
 -1.75214800e-10 -1.82846074e-15  8.72363337e-16  2.29423303e-05
 -2.04265077e-06 -1.59792834e-08  9.83759873e-10]
parent 2 [ 8.88838286e-18 -1.45851262e-12 -2.28980367e-13  4.62010792e-11
 -1.75214800e-10 -1.82846074e-15  8.72363337e-16  2.29423303e-05
 -2.04265077e-06 -1.59792834e-08  9.83759873e-10]
Child after Crossover:
[ 8.88845703e-18 -1.45851262e-12 -2.28980367e-13  4.62010792e-11
 -1.75214800e-10 -1.82846074e-15  8.72363337e-16  2.29423303e-05
 -2.04265077e-06 -1.59792834e-08  9.83759873e-10]
Mutated Index: [5, 7, 11]
Child After Mutation:
[ 8.88845703e-18 -1.45851262e-12 -2.28980367e-13  4.62010792e-11
 -1.75272810e-10 -1.82846074e-15  8.70873820e-16  2.29423303e-05
 -2.04265077e-06 -1.59792834e-08  9.83774539e-10]
Fitness Value: 270370420914.47845

Children Vectors:
[[ 8.88838286e-18 -1.45851262e-12 -2.28980367e-13  4.62010792e-11
  -1.75214800e-10 -1.82846074e-15  8.72363337e-16  2.29423303e-05
  -2.04265077e-06 -1.59792834e-08  9.84076366e-10]
 [ 8.89188484e-18 -1.45851262e-12 -2.28980367e-13  4.62010792e-11
  -1.75214800e-10 -1.82846074e-15  8.72363337e-16  2.29423303e-05
  -2.04265077e-06 -1.59792834e-08  9.83759873e-10]
 [ 8.88838286e-18 -1.45797740e-12 -2.28980367e-13  4.62010792e-11
  -1.75214800e-10 -1.82846074e-15  8.72753231e-16  2.29423303e-05
  -2.04265077e-06 -1.59792834e-08  9.83759873e-10]
 [ 8.88147873e-18 -1.45797740e-12 -2.28980367e-13  4.62010792e-11
  -1.75214800e-10 -1.82846074e-15  8.72363337e-16  2.29616501e-05
  -2.04265077e-06 -1.59792834e-08  9.83759873e-10]
 [ 8.88622499e-18 -1.45797740e-12 -2.28980367e-13  4.62010792e-11
  -1.75214800e-10 -1.82846074e-15  8.72363337e-16  2.29326487e-05
  -2.04126614e-06 -1.59792834e-08  9.82921889e-10]
 [ 8.88845703e-18 -1.45851262e-12 -2.28828689e-13  4.62010792e-11
  -1.75214800e-10 -1.82846074e-15  8.72832636e-16  2.29423303e-05
  -2.04265077e-06 -1.59725103e-08  9.83759873e-10]
 [ 8.88845703e-18 -1.45775047e-12 -2.28980367e-13  4.62010792e-11
  -1.75214800e-10 -1.82846074e-15  8.72363337e-16  2.29603069e-05
  -2.04486720e-06 -1.59792834e-08  9.83759873e-10]
 [ 8.88838286e-18 -1.45851262e-12 -2.28980367e-13  4.62010792e-11
  -1.75214800e-10 -1.82846074e-15  8.72734546e-16  2.29423303e-05
  -2.04265077e-06 -1.59538533e-08  9.83759873e-10]
 [ 8.88838286e-18 -1.45797740e-12 -2.28980367e-13  4.62010792e-11
  -1.75214800e-10 -1.82846074e-15  8.71682720e-16  2.29423303e-05
  -2.04265077e-06 -1.59944607e-08  9.83759873e-10]
 [ 8.88845703e-18 -1.45851262e-12 -2.28980367e-13  4.62010792e-11
  -1.75272810e-10 -1.82846074e-15  8.70873820e-16  2.29423303e-05
  -2.04265077e-06 -1.59792834e-08  9.83774539e-10]]

Fitness Values:
[2.68283583e+11 2.70477909e+11 2.70477909e+11 2.68946235e+11
 2.72535927e+11 2.69420796e+11 2.77902501e+11 2.66775807e+11
 2.73034168e+11 2.70370421e+11]

Errros:
[[7.53084434e+10 1.92975139e+11]
 [7.87059656e+10 1.91771943e+11]
 [7.87059656e+10 1.91771943e+11]
 [7.69151057e+10 1.92031129e+11]
 [8.23997072e+10 1.90136220e+11]
 [7.72147228e+10 1.92206074e+11]
 [8.75245753e+10 1.90377926e+11]
 [7.31984567e+10 1.93577350e+11]
 [8.21118650e+10 1.90922303e+11]
 [7.85465255e+10 1.91823895e+11]]

New Generation Generated:
[[ 8.88838286e-18 -1.45797740e-12 -2.28980367e-13  4.63286808e-11
  -1.75096084e-10 -1.82355477e-15  8.30076432e-16  2.29423303e-05
  -2.04721003e-06 -1.59407250e-08  9.83759873e-10]
 [ 8.88838286e-18 -1.45797740e-12 -2.28980367e-13  4.62769070e-11
  -1.75214808e-10 -1.82146885e-15  8.30805136e-16  2.29423303e-05
  -2.04721003e-06 -1.59407250e-08  9.83759845e-10]
 [ 8.88616857e-18 -1.45797740e-12 -2.28980367e-13  4.62430293e-11
  -1.75214808e-10 -1.82355477e-15  8.30076432e-16  2.29423303e-05
  -2.04721003e-06 -1.59026193e-08  9.83759845e-10]
 [ 8.88845703e-18 -1.45797740e-12 -2.28980367e-13  4.62010792e-11
  -1.75214800e-10 -1.82846074e-15  8.72363337e-16  2.29423303e-05
  -2.04265077e-06 -1.59792834e-08  9.83759873e-10]
 [ 8.88838286e-18 -1.45851262e-12 -2.28980367e-13  4.62010792e-11
  -1.75214800e-10 -1.82846074e-15  8.72363337e-16  2.29423303e-05
  -2.04265077e-06 -1.59792834e-08  9.83759873e-10]
 [ 8.88845703e-18 -1.45851262e-12 -2.28980367e-13  4.62010792e-11
  -1.75272810e-10 -1.82846074e-15  8.70873820e-16  2.29423303e-05
  -2.04265077e-06 -1.59792834e-08  9.83774539e-10]
 [ 8.88838286e-18 -1.45851262e-12 -2.28980367e-13  4.62010792e-11
  -1.75214800e-10 -1.82846074e-15  8.72734546e-16  2.29423303e-05
  -2.04265077e-06 -1.59538533e-08  9.83759873e-10]
 [ 8.88838286e-18 -1.45851262e-12 -2.28980367e-13  4.62010792e-11
  -1.75214800e-10 -1.82846074e-15  8.72363337e-16  2.29423303e-05
  -2.04265077e-06 -1.59792834e-08  9.84076366e-10]
 [ 8.88147873e-18 -1.45797740e-12 -2.28980367e-13  4.62010792e-11
  -1.75214800e-10 -1.82846074e-15  8.72363337e-16  2.29616501e-05
  -2.04265077e-06 -1.59792834e-08  9.83759873e-10]
 [ 8.88845703e-18 -1.45851262e-12 -2.28828689e-13  4.62010792e-11
  -1.75214800e-10 -1.82846074e-15  8.72832636e-16  2.29423303e-05
  -2.04265077e-06 -1.59725103e-08  9.83759873e-10]]

New Fitness Values
[2.81473746e+11 2.80962343e+11 2.74047872e+11 2.70477909e+11
 2.70477909e+11 2.70370421e+11 2.66775807e+11 2.68283583e+11
 2.68946235e+11 2.69420796e+11]

Best Vector fromt his Generation:
[ 8.88838286e-18 -1.45851262e-12 -2.28980367e-13  4.62010792e-11
 -1.75214800e-10 -1.82846074e-15  8.72734546e-16  2.29423303e-05
 -2.04265077e-06 -1.59538533e-08  9.83759873e-10]
With Fitness:
266775806666.56906
**************************************************************
---------------------------New Iteration-----------------------
Iteration 4

Parent Population:
[ 8.88838286e-18 -1.45797740e-12 -2.28980367e-13  4.63286808e-11
 -1.75096084e-10 -1.82355477e-15  8.30076432e-16  2.29423303e-05
 -2.04721003e-06 -1.59407250e-08  9.83759873e-10]
Fitness values:
281473745967.8763

Parent Population:
[ 8.88838286e-18 -1.45797740e-12 -2.28980367e-13  4.62769070e-11
 -1.75214808e-10 -1.82146885e-15  8.30805136e-16  2.29423303e-05
 -2.04721003e-06 -1.59407250e-08  9.83759845e-10]
Fitness values:
280962342565.52124

Parent Population:
[ 8.88616857e-18 -1.45797740e-12 -2.28980367e-13  4.62430293e-11
 -1.75214808e-10 -1.82355477e-15  8.30076432e-16  2.29423303e-05
 -2.04721003e-06 -1.59026193e-08  9.83759845e-10]
Fitness values:
274047872254.54333

Parent Population:
[ 8.88845703e-18 -1.45797740e-12 -2.28980367e-13  4.62010792e-11
 -1.75214800e-10 -1.82846074e-15  8.72363337e-16  2.29423303e-05
 -2.04265077e-06 -1.59792834e-08  9.83759873e-10]
Fitness values:
270477909001.69104

Parent Population:
[ 8.88838286e-18 -1.45851262e-12 -2.28980367e-13  4.62010792e-11
 -1.75214800e-10 -1.82846074e-15  8.72363337e-16  2.29423303e-05
 -2.04265077e-06 -1.59792834e-08  9.83759873e-10]
Fitness values:
270477909001.69104

Parent Population:
[ 8.88845703e-18 -1.45851262e-12 -2.28980367e-13  4.62010792e-11
 -1.75272810e-10 -1.82846074e-15  8.70873820e-16  2.29423303e-05
 -2.04265077e-06 -1.59792834e-08  9.83774539e-10]
Fitness values:
270370420914.47845

Parent Population:
[ 8.88838286e-18 -1.45851262e-12 -2.28980367e-13  4.62010792e-11
 -1.75214800e-10 -1.82846074e-15  8.72734546e-16  2.29423303e-05
 -2.04265077e-06 -1.59538533e-08  9.83759873e-10]
Fitness values:
266775806666.56906

Parent Population:
[ 8.88838286e-18 -1.45851262e-12 -2.28980367e-13  4.62010792e-11
 -1.75214800e-10 -1.82846074e-15  8.72363337e-16  2.29423303e-05
 -2.04265077e-06 -1.59792834e-08  9.84076366e-10]
Fitness values:
268283582730.37708

Parent Population:
[ 8.88147873e-18 -1.45797740e-12 -2.28980367e-13  4.62010792e-11
 -1.75214800e-10 -1.82846074e-15  8.72363337e-16  2.29616501e-05
 -2.04265077e-06 -1.59792834e-08  9.83759873e-10]
Fitness values:
268946234677.2728

Parent Population:
[ 8.88845703e-18 -1.45851262e-12 -2.28828689e-13  4.62010792e-11
 -1.75214800e-10 -1.82846074e-15  8.72832636e-16  2.29423303e-05
 -2.04265077e-06 -1.59725103e-08  9.83759873e-10]
Fitness values:
269420796384.96472
------------(***)------------
Child Number: 1
Crossover point: 9
Parent 1: [ 8.88838286e-18 -1.45851262e-12 -2.28980367e-13  4.62010792e-11
 -1.75214800e-10 -1.82846074e-15  8.72363337e-16  2.29423303e-05
 -2.04265077e-06 -1.59792834e-08  9.84076366e-10]
parent 2 [ 8.88838286e-18 -1.45851262e-12 -2.28980367e-13  4.62010792e-11
 -1.75214800e-10 -1.82846074e-15  8.72734546e-16  2.29423303e-05
 -2.04265077e-06 -1.59538533e-08  9.83759873e-10]
Child after Crossover:
[ 8.88838286e-18 -1.45851262e-12 -2.28980367e-13  4.62010792e-11
 -1.75214800e-10 -1.82846074e-15  8.72363337e-16  2.29423303e-05
 -2.04265077e-06 -1.59792834e-08  9.83759873e-10]
Mutated Index: [7, 8, 9]
Child After Mutation:
[ 8.88838286e-18 -1.45851262e-12 -2.28980367e-13  4.62010792e-11
 -1.75214800e-10 -1.82846074e-15  8.70967223e-16  2.29199528e-05
 -2.04316261e-06 -1.59792834e-08  9.83759873e-10]
Fitness Value: 274388400154.03192
------------(***)------------
Child Number: 2
Crossover point: 7
Parent 1: [ 8.88838286e-18 -1.45851262e-12 -2.28980367e-13  4.62010792e-11
 -1.75214800e-10 -1.82846074e-15  8.72363337e-16  2.29423303e-05
 -2.04265077e-06 -1.59792834e-08  9.84076366e-10]
parent 2 [ 8.88838286e-18 -1.45851262e-12 -2.28980367e-13  4.62010792e-11
 -1.75214800e-10 -1.82846074e-15  8.72734546e-16  2.29423303e-05
 -2.04265077e-06 -1.59538533e-08  9.83759873e-10]
Child after Crossover:
[ 8.88838286e-18 -1.45851262e-12 -2.28980367e-13  4.62010792e-11
 -1.75214800e-10 -1.82846074e-15  8.72363337e-16  2.29423303e-05
 -2.04265077e-06 -1.59538533e-08  9.83759873e-10]
Mutated Index: [3, 6, 9, 11]
Child After Mutation:
[ 8.88838286e-18 -1.45851262e-12 -2.28895563e-13  4.62010792e-11
 -1.75214800e-10 -1.82981539e-15  8.72363337e-16  2.29423303e-05
 -2.04372893e-06 -1.59538533e-08  9.84183789e-10]
Fitness Value: 267756282490.37048
------------(***)------------
Child Number: 3
Crossover point: 1
Parent 1: [ 8.88838286e-18 -1.45851262e-12 -2.28980367e-13  4.62010792e-11
 -1.75214800e-10 -1.82846074e-15  8.72363337e-16  2.29423303e-05
 -2.04265077e-06 -1.59792834e-08  9.84076366e-10]
parent 2 [ 8.88838286e-18 -1.45851262e-12 -2.28980367e-13  4.62010792e-11
 -1.75214800e-10 -1.82846074e-15  8.72734546e-16  2.29423303e-05
 -2.04265077e-06 -1.59538533e-08  9.83759873e-10]
Child after Crossover:
[ 8.88838286e-18 -1.45851262e-12 -2.28980367e-13  4.62010792e-11
 -1.75214800e-10 -1.82846074e-15  8.72734546e-16  2.29423303e-05
 -2.04265077e-06 -1.59538533e-08  9.83759873e-10]
Mutated Index: [9]
Child After Mutation:
[ 8.88838286e-18 -1.45851262e-12 -2.28980367e-13  4.62010792e-11
 -1.75214800e-10 -1.82846074e-15  8.72734546e-16  2.29423303e-05
 -2.04448377e-06 -1.59538533e-08  9.83759873e-10]
Fitness Value: 273176351771.46384
------------(***)------------
Child Number: 4
Crossover point: 8
Parent 1: [ 8.88838286e-18 -1.45851262e-12 -2.28980367e-13  4.62010792e-11
 -1.75214800e-10 -1.82846074e-15  8.72363337e-16  2.29423303e-05
 -2.04265077e-06 -1.59792834e-08  9.84076366e-10]
parent 2 [ 8.88838286e-18 -1.45851262e-12 -2.28980367e-13  4.62010792e-11
 -1.75214800e-10 -1.82846074e-15  8.72734546e-16  2.29423303e-05
 -2.04265077e-06 -1.59538533e-08  9.83759873e-10]
Child after Crossover:
[ 8.88838286e-18 -1.45851262e-12 -2.28980367e-13  4.62010792e-11
 -1.75214800e-10 -1.82846074e-15  8.72734546e-16  2.29423303e-05
 -2.04265077e-06 -1.59792834e-08  9.84076366e-10]
Mutated Index: [1, 2, 5, 11]
Child After Mutation:
[ 8.88424064e-18 -1.45579801e-12 -2.28980367e-13  4.62010792e-11
 -1.75296911e-10 -1.82846074e-15  8.72734546e-16  2.29423303e-05
 -2.04265077e-06 -1.59792834e-08  9.85530955e-10]
Fitness Value: 261579681235.87692
------------(***)------------
Child Number: 5
Crossover point: 10
Parent 1: [ 8.88838286e-18 -1.45851262e-12 -2.28980367e-13  4.62010792e-11
 -1.75214800e-10 -1.82846074e-15  8.72363337e-16  2.29423303e-05
 -2.04265077e-06 -1.59792834e-08  9.84076366e-10]
parent 2 [ 8.88838286e-18 -1.45851262e-12 -2.28980367e-13  4.62010792e-11
 -1.75214800e-10 -1.82846074e-15  8.72734546e-16  2.29423303e-05
 -2.04265077e-06 -1.59538533e-08  9.83759873e-10]
Child after Crossover:
[ 8.88838286e-18 -1.45851262e-12 -2.28980367e-13  4.62010792e-11
 -1.75214800e-10 -1.82846074e-15  8.72363337e-16  2.29423303e-05
 -2.04265077e-06 -1.59792834e-08  9.84076366e-10]
Mutated Index: [1, 2, 8, 11]
Child After Mutation:
[ 8.89670509e-18 -1.45603472e-12 -2.28980367e-13  4.62010792e-11
 -1.75214800e-10 -1.82846074e-15  8.72363337e-16  2.29240555e-05
 -2.04265077e-06 -1.59792834e-08  9.81891812e-10]
Fitness Value: 291095997085.44086
------------(***)------------
Child Number: 6
Crossover point: 3
Parent 1: [ 8.88838286e-18 -1.45851262e-12 -2.28980367e-13  4.62010792e-11
 -1.75214800e-10 -1.82846074e-15  8.72363337e-16  2.29423303e-05
 -2.04265077e-06 -1.59792834e-08  9.84076366e-10]
parent 2 [ 8.88838286e-18 -1.45851262e-12 -2.28980367e-13  4.62010792e-11
 -1.75214800e-10 -1.82846074e-15  8.72734546e-16  2.29423303e-05
 -2.04265077e-06 -1.59538533e-08  9.83759873e-10]
Child after Crossover:
[ 8.88838286e-18 -1.45851262e-12 -2.28980367e-13  4.62010792e-11
 -1.75214800e-10 -1.82846074e-15  8.72734546e-16  2.29423303e-05
 -2.04265077e-06 -1.59538533e-08  9.83759873e-10]
Mutated Index: [1, 3, 6, 9]
Child After Mutation:
[ 8.88234224e-18 -1.45851262e-12 -2.29082398e-13  4.62010792e-11
 -1.75214800e-10 -1.82756836e-15  8.72734546e-16  2.29423303e-05
 -2.04351503e-06 -1.59538533e-08  9.83759873e-10]
Fitness Value: 269427189928.98312
------------(***)------------
Child Number: 7
Crossover point: 6
Parent 1: [ 8.88838286e-18 -1.45851262e-12 -2.28980367e-13  4.62010792e-11
 -1.75214800e-10 -1.82846074e-15  8.72363337e-16  2.29423303e-05
 -2.04265077e-06 -1.59792834e-08  9.84076366e-10]
parent 2 [ 8.88838286e-18 -1.45851262e-12 -2.28980367e-13  4.62010792e-11
 -1.75214800e-10 -1.82846074e-15  8.72734546e-16  2.29423303e-05
 -2.04265077e-06 -1.59538533e-08  9.83759873e-10]
Child after Crossover:
[ 8.88838286e-18 -1.45851262e-12 -2.28980367e-13  4.62010792e-11
 -1.75214800e-10 -1.82846074e-15  8.72363337e-16  2.29423303e-05
 -2.04265077e-06 -1.59538533e-08  9.83759873e-10]
Mutated Index: [11]
Child After Mutation:
[ 8.88838286e-18 -1.45851262e-12 -2.28980367e-13  4.62010792e-11
 -1.75214800e-10 -1.82846074e-15  8.72363337e-16  2.29423303e-05
 -2.04265077e-06 -1.59538533e-08  9.83961037e-10]
Fitness Value: 265626797949.22266
------------(***)------------
Child Number: 8
Crossover point: 3
Parent 1: [ 8.88838286e-18 -1.45851262e-12 -2.28980367e-13  4.62010792e-11
 -1.75214800e-10 -1.82846074e-15  8.72363337e-16  2.29423303e-05
 -2.04265077e-06 -1.59792834e-08  9.84076366e-10]
parent 2 [ 8.88838286e-18 -1.45851262e-12 -2.28980367e-13  4.62010792e-11
 -1.75214800e-10 -1.82846074e-15  8.72734546e-16  2.29423303e-05
 -2.04265077e-06 -1.59538533e-08  9.83759873e-10]
Child after Crossover:
[ 8.88838286e-18 -1.45851262e-12 -2.28980367e-13  4.62010792e-11
 -1.75214800e-10 -1.82846074e-15  8.72363337e-16  2.29423303e-05
 -2.04265077e-06 -1.59792834e-08  9.84076366e-10]
Mutated Index: [3, 9]
Child After Mutation:
[ 8.88838286e-18 -1.45851262e-12 -2.29161645e-13  4.62010792e-11
 -1.75214800e-10 -1.82846074e-15  8.72363337e-16  2.29423303e-05
 -2.04223110e-06 -1.59792834e-08  9.84076366e-10]
Fitness Value: 266950387708.1311
------------(***)------------
Child Number: 9
Crossover point: 9
Parent 1: [ 8.88838286e-18 -1.45851262e-12 -2.28980367e-13  4.62010792e-11
 -1.75214800e-10 -1.82846074e-15  8.72363337e-16  2.29423303e-05
 -2.04265077e-06 -1.59792834e-08  9.84076366e-10]
parent 2 [ 8.88838286e-18 -1.45851262e-12 -2.28980367e-13  4.62010792e-11
 -1.75214800e-10 -1.82846074e-15  8.72734546e-16  2.29423303e-05
 -2.04265077e-06 -1.59538533e-08  9.83759873e-10]
Child after Crossover:
[ 8.88838286e-18 -1.45851262e-12 -2.28980367e-13  4.62010792e-11
 -1.75214800e-10 -1.82846074e-15  8.72734546e-16  2.29423303e-05
 -2.04265077e-06 -1.59538533e-08  9.84076366e-10]
Mutated Index: [10]
Child After Mutation:
[ 8.88838286e-18 -1.45851262e-12 -2.28980367e-13  4.62010792e-11
 -1.75214800e-10 -1.82846074e-15  8.72734546e-16  2.29423303e-05
 -2.04265077e-06 -1.59416178e-08  9.84076366e-10]
Fitness Value: 263703049577.37152
------------(***)------------
Child Number: 10
Crossover point: 3
Parent 1: [ 8.88838286e-18 -1.45851262e-12 -2.28980367e-13  4.62010792e-11
 -1.75214800e-10 -1.82846074e-15  8.72363337e-16  2.29423303e-05
 -2.04265077e-06 -1.59792834e-08  9.84076366e-10]
parent 2 [ 8.88838286e-18 -1.45851262e-12 -2.28980367e-13  4.62010792e-11
 -1.75214800e-10 -1.82846074e-15  8.72734546e-16  2.29423303e-05
 -2.04265077e-06 -1.59538533e-08  9.83759873e-10]
Child after Crossover:
[ 8.88838286e-18 -1.45851262e-12 -2.28980367e-13  4.62010792e-11
 -1.75214800e-10 -1.82846074e-15  8.72734546e-16  2.29423303e-05
 -2.04265077e-06 -1.59538533e-08  9.83759873e-10]
Mutated Index: [5]
Child After Mutation:
[ 8.88838286e-18 -1.45851262e-12 -2.28980367e-13  4.62010792e-11
 -1.75279534e-10 -1.82846074e-15  8.72734546e-16  2.29423303e-05
 -2.04265077e-06 -1.59538533e-08  9.83759873e-10]
Fitness Value: 266775806666.6307

Children Vectors:
[[ 8.88838286e-18 -1.45851262e-12 -2.28980367e-13  4.62010792e-11
  -1.75214800e-10 -1.82846074e-15  8.70967223e-16  2.29199528e-05
  -2.04316261e-06 -1.59792834e-08  9.83759873e-10]
 [ 8.88838286e-18 -1.45851262e-12 -2.28895563e-13  4.62010792e-11
  -1.75214800e-10 -1.82981539e-15  8.72363337e-16  2.29423303e-05
  -2.04372893e-06 -1.59538533e-08  9.84183789e-10]
 [ 8.88838286e-18 -1.45851262e-12 -2.28980367e-13  4.62010792e-11
  -1.75214800e-10 -1.82846074e-15  8.72734546e-16  2.29423303e-05
  -2.04448377e-06 -1.59538533e-08  9.83759873e-10]
 [ 8.88424064e-18 -1.45579801e-12 -2.28980367e-13  4.62010792e-11
  -1.75296911e-10 -1.82846074e-15  8.72734546e-16  2.29423303e-05
  -2.04265077e-06 -1.59792834e-08  9.85530955e-10]
 [ 8.89670509e-18 -1.45603472e-12 -2.28980367e-13  4.62010792e-11
  -1.75214800e-10 -1.82846074e-15  8.72363337e-16  2.29240555e-05
  -2.04265077e-06 -1.59792834e-08  9.81891812e-10]
 [ 8.88234224e-18 -1.45851262e-12 -2.29082398e-13  4.62010792e-11
  -1.75214800e-10 -1.82756836e-15  8.72734546e-16  2.29423303e-05
  -2.04351503e-06 -1.59538533e-08  9.83759873e-10]
 [ 8.88838286e-18 -1.45851262e-12 -2.28980367e-13  4.62010792e-11
  -1.75214800e-10 -1.82846074e-15  8.72363337e-16  2.29423303e-05
  -2.04265077e-06 -1.59538533e-08  9.83961037e-10]
 [ 8.88838286e-18 -1.45851262e-12 -2.29161645e-13  4.62010792e-11
  -1.75214800e-10 -1.82846074e-15  8.72363337e-16  2.29423303e-05
  -2.04223110e-06 -1.59792834e-08  9.84076366e-10]
 [ 8.88838286e-18 -1.45851262e-12 -2.28980367e-13  4.62010792e-11
  -1.75214800e-10 -1.82846074e-15  8.72734546e-16  2.29423303e-05
  -2.04265077e-06 -1.59416178e-08  9.84076366e-10]
 [ 8.88838286e-18 -1.45851262e-12 -2.28980367e-13  4.62010792e-11
  -1.75279534e-10 -1.82846074e-15  8.72734546e-16  2.29423303e-05
  -2.04265077e-06 -1.59538533e-08  9.83759873e-10]]

Fitness Values:
[2.74388400e+11 2.67756282e+11 2.73176352e+11 2.61579681e+11
 2.91095997e+11 2.69427190e+11 2.65626798e+11 2.66950388e+11
 2.63703050e+11 2.66775807e+11]

Errros:
[[8.32304114e+10 1.91157989e+11]
 [7.39103190e+10 1.93845963e+11]
 [8.15590076e+10 1.91617344e+11]
 [6.08627668e+10 2.00716914e+11]
 [1.02594167e+11 1.88501830e+11]
 [7.68214375e+10 1.92605752e+11]
 [7.11224256e+10 1.94504372e+11]
 [7.34410214e+10 1.93509366e+11]
 [6.74588899e+10 1.96244160e+11]
 [7.31984567e+10 1.93577350e+11]]

New Generation Generated:
[[ 8.88845703e-18 -1.45851262e-12 -2.28980367e-13  4.62010792e-11
  -1.75272810e-10 -1.82846074e-15  8.70873820e-16  2.29423303e-05
  -2.04265077e-06 -1.59792834e-08  9.83774539e-10]
 [ 8.88845703e-18 -1.45851262e-12 -2.28828689e-13  4.62010792e-11
  -1.75214800e-10 -1.82846074e-15  8.72832636e-16  2.29423303e-05
  -2.04265077e-06 -1.59725103e-08  9.83759873e-10]
 [ 8.88147873e-18 -1.45797740e-12 -2.28980367e-13  4.62010792e-11
  -1.75214800e-10 -1.82846074e-15  8.72363337e-16  2.29616501e-05
  -2.04265077e-06 -1.59792834e-08  9.83759873e-10]
 [ 8.88838286e-18 -1.45851262e-12 -2.28980367e-13  4.62010792e-11
  -1.75214800e-10 -1.82846074e-15  8.72363337e-16  2.29423303e-05
  -2.04265077e-06 -1.59792834e-08  9.84076366e-10]
 [ 8.88838286e-18 -1.45851262e-12 -2.28980367e-13  4.62010792e-11
  -1.75214800e-10 -1.82846074e-15  8.72734546e-16  2.29423303e-05
  -2.04265077e-06 -1.59538533e-08  9.83759873e-10]
 [ 8.88838286e-18 -1.45851262e-12 -2.29161645e-13  4.62010792e-11
  -1.75214800e-10 -1.82846074e-15  8.72363337e-16  2.29423303e-05
  -2.04223110e-06 -1.59792834e-08  9.84076366e-10]
 [ 8.88424064e-18 -1.45579801e-12 -2.28980367e-13  4.62010792e-11
  -1.75296911e-10 -1.82846074e-15  8.72734546e-16  2.29423303e-05
  -2.04265077e-06 -1.59792834e-08  9.85530955e-10]
 [ 8.88838286e-18 -1.45851262e-12 -2.28980367e-13  4.62010792e-11
  -1.75214800e-10 -1.82846074e-15  8.72734546e-16  2.29423303e-05
  -2.04265077e-06 -1.59416178e-08  9.84076366e-10]
 [ 8.88838286e-18 -1.45851262e-12 -2.28980367e-13  4.62010792e-11
  -1.75214800e-10 -1.82846074e-15  8.72363337e-16  2.29423303e-05
  -2.04265077e-06 -1.59538533e-08  9.83961037e-10]
 [ 8.88838286e-18 -1.45851262e-12 -2.28980367e-13  4.62010792e-11
  -1.75279534e-10 -1.82846074e-15  8.72734546e-16  2.29423303e-05
  -2.04265077e-06 -1.59538533e-08  9.83759873e-10]]

New Fitness Values
[2.70370421e+11 2.69420796e+11 2.68946235e+11 2.68283583e+11
 2.66775807e+11 2.66950388e+11 2.61579681e+11 2.63703050e+11
 2.65626798e+11 2.66775807e+11]

Best Vector fromt his Generation:
[ 8.88424064e-18 -1.45579801e-12 -2.28980367e-13  4.62010792e-11
 -1.75296911e-10 -1.82846074e-15  8.72734546e-16  2.29423303e-05
 -2.04265077e-06 -1.59792834e-08  9.85530955e-10]
With Fitness:
261579681235.87692
