bye
bye Hi
jjj
2021-03-07 23:40:12.976306
0
8.917989839648819e-17
3.166338980343436e-17
1.9001637876236055e-17
7.706066548933624e-17
1.8654844024462577e-17
3.32979796558749e-17
3.170353477426471e-17
4.169578649931017e-17
1.8527662115701903e-17
3.091422499669519e-17
7.56283581742501e-17
[-8.91798984e-17 -1.45802188e-12 -2.28999080e-13  4.62009982e-11
 -1.75214832e-10 -1.86999568e-15  8.21240525e-16  2.29423303e-05
 -2.04721003e-06 -1.59792834e-08  9.98213958e-10]
1
8.936698993094038e-17
6.127546588957215e-17
3.193349822124698e-17
2.093407578231274e-17
1.2510534858905147e-17
1.9969802235207823e-17
1.5680041864135088e-17
2.456774628217136e-17
4.659152423254419e-17
5.976326626195986e-17
6.027377654950956e-17
[-8.93669899e-17 -1.45805150e-12 -2.29012011e-13  4.62010544e-11
 -1.75214826e-10 -1.85666750e-15  8.37264018e-16  2.29423303e-05
 -2.04721003e-06 -1.59792835e-08  9.98213974e-10]
[13728542207.071144, 352457169815.4564]
calculating fitness for generation 0
2021-03-07 23:41:39.779750
0
2.3996940983733317e-18
8.925507417088315e-17
4.622249285084565e-18
8.89445830756535e-17
1.7017785695353927e-17
5.539382375841993e-17
7.92557481628492e-17
4.8624949877300936e-17
5.2246156487781154e-17
8.632484741050777e-17
5.247076270543137e-17
[-2.39969410e-18 -1.45807948e-12 -2.28984700e-13  4.62009864e-11
 -1.75214830e-10 -1.89209152e-15  7.73688312e-16  2.29423303e-05
 -2.04721003e-06 -1.59792835e-08  9.98213982e-10]
1
3.415017066035236e-17
6.592198720308954e-17
7.25953562474953e-17
7.445525216526817e-17
6.974729191371051e-17
4.953969974589811e-17
7.278377592322786e-17
7.067171603414889e-17
4.831914383131051e-17
4.917871347746642e-17
3.6526974137031426e-17
[-3.41501707e-17 -1.45805614e-12 -2.29052673e-13  4.62010008e-11
 -1.75214883e-10 -1.88623740e-15  7.80160284e-16  2.29423303e-05
 -2.04721003e-06 -1.59792834e-08  9.98213997e-10]
[14321807226.273855, 342404848491.35034]
calculating fitness for generation 0
2021-03-07 23:44:30.879109
0
2.916545823025541e-17
2.9576961247399357e-17
6.715795201086019e-17
5.606619205776851e-17
7.796222603672013e-17
2.8908694287728157e-17
7.829333740539841e-17
5.63537536025567e-17
5.30423859413774e-17
8.956624582716764e-17
3.031089077855373e-17
[-2.91654582e-17 -1.45801980e-12 -2.29047236e-13  4.62010192e-11
 -1.75214891e-10 -1.86560639e-15  7.74650723e-16  2.29423303e-05
 -2.04721003e-06 -1.59792835e-08  9.98214004e-10]
1
1.3271157755153897e-17
5.579281989745343e-17
1.5949336724872523e-17
6.411902393413267e-17
3.545306903747632e-17
7.475538939742443e-17
7.45696235009622e-17
5.564817699768218e-17
6.127289185076389e-17
3.792517445891327e-18
2.5381001308793973e-17
[-1.32711578e-17 -1.45804601e-12 -2.28996027e-13  4.62010112e-11
 -1.75214848e-10 -1.91145309e-15  7.78374436e-16  2.29423303e-05
 -2.04721003e-06 -1.59792834e-08  9.98214009e-10]
[13653289766.225134, 354498558781.36017]
calculating fitness for generation 0
2021-03-07 23:46:13.191743
0
7.491959200598423e-17
8.549171987734939e-17
5.980226242718039e-17
4.2379066836180216e-17
5.876462114685165e-17
8.786360875578935e-17
4.2464576100040777e-17
7.470388515848068e-18
8.952391786507399e-17
3.15662961970258e-17
8.961188469549723e-17
[-7.49195920e-17 -1.45807571e-12 -2.29039880e-13  4.62010329e-11
 -1.75214872e-10 -1.92456131e-15  8.10479484e-16  2.29423303e-05
 -2.04721003e-06 -1.59792834e-08  9.98213944e-10]
1
2.8577327154752425e-17
6.557153166205757e-17
4.407869254421521e-17
8.954973876520345e-17
5.499466864143549e-18
5.04876061982253e-17
5.554359731207363e-17
8.934104825082499e-17
4.2449916856455496e-17
2.7939171332786027e-17
6.151392331010224e-18
[-2.85773272e-17 -1.45805579e-12 -2.29024157e-13  4.62009858e-11
 -1.75214818e-10 -1.88718531e-15  7.97400463e-16  2.29423303e-05
 -2.04721003e-06 -1.59792834e-08  9.98214028e-10]
[15843241076.171438, 328292423026.7831]
calculating fitness for generation 0
fitness
339382691780.1031
[14159112748.33493, 344606640682.80273]
calculating fitness for generation 1
fitness
354518019606.6372
